COL=120
ROW=100
 79  82  83  86  89  91  95 101 111 116 111 107  99  95  89  89  85  85  85  86  88  87  84  83  82  88  85  94 106 107 102 103 100 102 104  98 104 107 106 110 106 103 104  75  71  83  79  76  82  71  92  96 139 153 132 119 110 126 138 139 146 158 148 141 158 154 154 155 156 156 159 160 160 163 160 161 168 145 112 109 130 120 148 170 130 146 168 166 164 160 165 165 167 170 169 169 169 170 169 163 162 161 155 131 106  95 107 121  79  66  79  69 113 127 133 131 130 116 116 147 
 75  78  78  78  79  76  76  76  74  73  74  80  85  83  85  88  88  96 100 102 102 106 106 104 106 106  80  99 111 110 108 105 106 106 106 108 114 111 107 104 103  98  91  73  77  85  79  74  84  68 109 127 128 122 129 142 152 159 155 157 156 163 127 132 162 158 160 159 161 161 160 162 163 163 163 162 165 159 140 143 164 166 166 163 127 151 167 163 163 165 162 163 164 167 166 166 164 165 165 163 150 131 113  92 102 119 143 155  92  63  74  88 129 136 144 140 136 131 105 112 
 77  77  79  84  89  96  94  94  89  86  87  90 100 105 105 100 102 105 103 102 102  99  98 100 104 103  76  98 110 112 109 107 110 110 114 112 109 106 103 100  93  91  81  72  78  82  78  71  84  64 113 161 126 138 153 157 154 156 155 155 154 159 128 142 162 160 162 161 163 164 161 161 164 166 164 167 159 114 155 164 120 113 156 164 125 154 164 162 163 164 162 161 162 166 168 168 163 155 149 127 101  95 108 125 142 145 149 151  85  65  76  96 137 140 141 140 143 140 133 118 
132 115 102  97  93  98 107 108 104 103 105 104 105 104 102 101 102  96  97  96  92  90  95  95  95  96  69  83  94  96  96  95  92  91  94  88  85  85  90  99 108 131  99  65  78  84  78  72  79  71  84 156 156 156 151 154 154 157 158 158 157 159 129 149 168 162 160 164 165 165 164 161 164 165 166 170 150 136 174 148 128 111 143 165 123 156 165 161 160 162 164 163 162 165 171 174 145 120 101 101 120 125 136 141 142 138 149 149  79  70  74  97 138 142 141 140 141 139 138 141 
164 165 158 148 140 125 128 125 121 120 116 116 109 107 114 123 123 116 126 124 113 117 127 121 117 115  78 105 110  97 103 102 100 103 105 110 114 124 136 148 159 168  94  62  83  85  78  72  79  76  69 148 157 153 158 163 162 164 160 161 164 161 126 153 167 163 162 164 166 163 163 162 162 163 163 165 161 132 116 104 141 147 149 160 124 161 164 162 162 163 165 168 166 155 145 123  99 100 114 132 134 133 139 138 137 136 148 144  73  74  76 102 133 136 138 139 141 140 136 138 
158 153 158 162 162 163 160 158 155 151 150 146 149 152 151 152 156 154 153 156 149 151 155 153 154 155 101 148 160 148 150 144 146 150 155 159 163 164 158 161 134 130  78  68  80  83  76  71  79  83  63 133 164 161 166 127 125 172 163 134 160 160 124 155 163 163 163 162 162 160 162 164 164 162 162 162 163 161 138 146 163 161 163 152 124 164 162 162 161 164 165 154 138 124 102  98 116 126 137 133 130 135 137 140 135 134 143 136  68  72  73 107 137 137 136 138 138 141 148 140 
158 153 157 158 158 158 157 162 158 155 157 157 159 157 153 154 153 153 152 130 147 152 152 157 152 153 124 151 155 153 153 155 157 160 160 158 157 155 155 160 134 119  67  73  80  83  77  73  78  84  63 116 175 170 155 131 165 156 145 135 145 164 125 162 167 166 163 163 162 163 162 162 163 162 162 162 160 161 167 165 160 127 140 152 127 166 165 161 161 165 148 134 118 102 109 123 130 135 136 133 135 134 131 134 127 133 150 135  68  74  74 112 136 138 143 151 156 157 157 129 
163 160 160 159 158 159 158 159 157 159 157 158 155 152 152 153 152 152 150 111 144 152 148 143 143 140 143 152 156 155 156 158 157 158 158 155 153 156 158 164 139 104  61  75  80  83  79  75  78  85  64  93 174 169 159 123 146 122 108 109 160 162 127 164 165 164 166 164 162 162 163 162 163 160 161 162 161 160 159 160 160 121 149 150 131 165 162 174 178 150 122 106  99 109 126 131 134 137 135 125 117 109 112 110 133 162 156 147  71  70  78 126 145 149 156 152 144 134 122 111 
165 162 164 160 160 160 159 160 157 158 161 159 159 156 152 152 151 152 144 119 150 158 132 111 134 153 135 151 161 157 160 160 161 166 167 161 163 168 165 166 134  85  61  78  81  84  83  73  74  83  71  72 162 169 164 147 115 142 162 156 170 152 130 169 164 165 165 163 161 161 164 162 161 160 161 162 159 160 160 163 159 134 162 147 138 174 173 167 136 108  99 106 129 132 132 133 128 124 104 125 137 154 169 165 148 142 138 116  64  72  79 127 133 127 126 123 117 124 133 129 
165 167 168 165 163 161 159 162 160 160 156 158 161 159 157 158 155 155 145 122 159 157 148 151 140 150 137 145 158 164 164 166 167 160 157 170 164 158 169 165 121  71  67  76  81  87  82  74  76  83  77  59 141 173 168 153 123 157 178 172 169 147 131 168 163 163 162 162 161 160 161 160 159 160 163 162 158 160 161 164 163 168 166 161 155 149 129 111  96  95 110 132 134 132 135 137 114  91 131 186 191 195 194 191 137 109 148 118  63  74  82 119 131 133 136 136 138 137 131 129 
165 166 167 168 164 161 163 165 164 164 154 160 168 162 161 162 164 164 145 127 166 166 152 155 156 138 125 152 165 161 159 165 164 119 126 167 163 129 156 166 104  64  72  77  84  85  80  75  75  81  79  56 122 174 166 137 122 128 126 160 172 143 134 167 161 159 158 160 162 162 159 158 159 162 163 162 162 163 163 163 163 166 154 131 124 118 103  92  99 118 127 130 133 128 126 113 104 140 180 182 180 185 184 177 152 132 138 107  62  75  90 134 141 139 138 132 135 139 133 130 
161 161 159 162 163 164 162 160 159 160 163 164 117 135 172 148 136 165 141 132 167 158 129 121 157 150 145 160 159 162 166 169 144 131 175 135 124 121 155 172  89  62  73  79  84  83  79  74  72  82  83  60  93 178 136  93 106 115 104 135 172 136 137 168 161 159 160 157 157 160 161 160 162 162 161 163 163 163 165 167 171 144 109 115 104  89  95 112 125 128 122 122 132 118  93 125 168 180 175 173 180 183 187 156 155 176 181 120  58  77  94 133 137 135 135 132 135 139 138 121 
172 172 169 167 173 170 173 172 170 168 171 145 133 172 145 153 129 173 149 143 180 177 156 164 181 154 171 184 180 185 185 191 183 131 119 124 124 131 191 171  78  63  69  82  82  85  81  77  75  82  86  66  72 164 160 126 132 164 166 165 164 129 141 166 158 160 161 158 159 162 162 162 163 161 161 164 164 167 167 160 143  96  86  86  87 106 125 128 121 126 126 121 104  90 138 185 181 174 172 170 178 190 169 132 153 153 157 104  63  78  87 117 119 121 116 122 128 131 112  91 
174 161 164 166 167 159 162 175 181 185 193 165 140 160 123 115 139 200 154 161 195 191 188 185 184 177 185 183 181 177 173 173 175 152 128 157 168 170 175 151  58  57 118  88  84  86  80  74  74  80  83  74  59 138 174 166 164 165 156 129 161 130 144 164 158 158 161 158 158 164 162 161 163 162 166 171 165 135 106  96  85  84  95 110 122 123 124 125 124 125 122  99  81 138 184 180 179 171 165 171 185 180 114 123 133 135 145  85  62  77 118 148 147 143 137 136 130 110  81  98 
153 155 155 155 157 160 158 156 156 157 159 172 126  99 153 153 168 184 137 155 179 161 131 155 155 144 153 154 154 154 150 148 135 104 147 159 144 130 163 120  67 174 127  69  86  85  80  77  73  77  84  81  57 117 176 164 163 166 147 120 164 129 151 164 160 162 161 160 159 162 161 161 166 170 158 121  90  77  74  77  87 101 116 126 126 124 124 126 125 125 101  86 130 175 181 177 178 171 166 175 186 121 105 131 135 146 150  84  64  78 131 165 164 164 164 163 152 106 127 145 
159 162 161 162 164 162 161 161 163 163 159 139 163 165 119 116 147 157 120 146 162 151 130 153 152 131 154 155 157 158 156 158 128 148 165 120 133 125 170 123 175 171  67  79  89  86  81  78  76  77  82  80  60 103 175 165 164 167 143 126 163 129 157 163 162 166 163 163 165 168 168 168 144 104  81  66  69  88 102 100 107 115 117 126 127 124 120 124 123 110  88 119 168 179 180 180 160 153 174 187 151 103 123 128 140 150 150  80  65  83 119 141 148 155 157 159 122 112 140 142 
158 160 161 163 162 161 161 163 164 165 169 115 124 153 150 152 136 164 123 153 167 155 137 165 152 155 163 157 158 158 158 162 139 111 112 121 110 145 163 162 131  51  76  88  88  87  84  78  77  77  81  84  63  87 167 164 163 164 159 166 160 119 160 165 165 166 170 166 167 157 130  98  70  69  86  99 105 110 113 117 120 116 114 119 124 118 115 115 108  80  96 166 185 177 160 140 153 172 184 173 127 125 126 129 135 148 143  76  69  82 122 142 142 141 144 134 103 126 140 140 
155 155 160 163 162 164 161 160 163 164 160 112 134 117 125 112 146 163 123 159 166 144 157 169 137 139 160 159 158 158 158 157 160 140 131 161 164 156 163 152  56  66  80  86  88  87  82  78  79  75  82  84  70  72 157 169 163 163 166 170 160 145 166 162 151 146 137 119  97  80  69  74  91 107 113 112 115 117 111 111 113 117 113 113 118 113 101  92  76  95 167 185 165 140 123 147 179 183 177 136 105 130 131 129 134 142 140  71  69  90 131 145 144 140 135  99 110 145 148 145 
152 150 155 161 163 163 159 160 163 162 161 125 152 155 120 140 169 157 126 163 160 128 159 171 140 138 147 159 156 157 157 154 155 162 163 163 142 118 173  99  56  75  78  81  88  87  87 102 105  98  87  81  78  61 142 179 167 166 165 163 151 141 129 113  94  85  79  74  78  91 104 111 115 114 115 112 109 108 107 105 106 115 111 106 100 102  85  76 116 176 192 156 125 135 167 183 185 162 118 112 127 133 128 122 125 146 137  69  74  93 137 147 142 135 107  91 129 146 143 145 
157 158 152 150 162 161 162 162 161 160 162 164 162 168 172 145 139 153 127 164 161 146 163 155 138 151 154 159 156 156 157 156 156 157 158 163 133 127 153  66  66  74  80  82  91 102 108 110 108 109 106  93  79  63 102 138 127 122 110  96  75  71  72  79  82  83  87  93 106 104 108 105 106 109 109 103 102 105 101 100 105 110 109 102  84  69  92 146 189 186 162 131 147 179 190 180 139  99 109 132 135 136 128 125 129 148 133  67  76  95 135 145 146 125  92 123 142 141 141 143 
159 161 157 144 158 163 168 165 162 162 164 163 164 165 164 121 140 151 131 169 156 138 164 153 158 167 163 159 158 159 156 156 158 158 160 161 135 148 116  56  75  89 101 105 110 111 110 106 104 107 111 112  92  70  71  72  76  71  65  70  78  87  98  99 101 106 102 105  96  73  72  72  75  77  77  69  66  72  70  72  84  99  96  85  88 113 171 189 176 138 124 160 187 187 163 110 100 125 139 139 136 136 132 127 129 138 120  64  75 100 134 141 137 121 113 131 140 143 147 144 
161 160 164 144 146 163 145 160 172 171 167 163 159 161 158 120 150 144 132 166 150 140 160 163 162 158 158 155 154 159 155 156 157 157 157 159 161 169  82  62  96 106 110 111 110 110 109 105 104 108 110 110 111  72  79  93  85  93  89  94  98  95  91  90  97 104 104  94  74  96  98  99  92  90 107 112 101 122 119 109 102  83  72 117 148 182 184 161 120 117 163 193 180 140 102 115 137 140 137 136 137 135 117 105 111 129  95  61  79 106 131 133 134 146 129 139 141 142 145 144 
146 134 153 160 140 156 131 126 141 153 166 168 165 160 156 154 164 131 134 167 152 129 156 162 159 157 152 151 151 154 155 156 156 157 158 162 169 154  62  84 106 104 109 109 108 109 108 106 103  93 104 110 114  82  62  98  86  78  75  75  82  79  80  88  82  77  83  70  66 155 180 171 168 160 164 174 173 172 165 152 148 134 135 147 125 140 178 150 140 180 180 137 103 105 122 139 137 138 137 132 119  96 100 129 155 184 136  59  75 113 139 133 134 124 111 138 154 145 142 144 
101 102 114 158 162 145 153 141  97  88 101 130 152 160 162 160 159 128 142 168 140 106 146 167 161 161 157 156 162 162 160 156 155 150 150 144 147 119  77 101 102 104 110 109 109 110 110 108 100  85 103 112 113  83  59  87  98 115 111 116 138 136 148 159 153 141 110 112 148 130 146 170 164 163 163 167 169 157 146 153 156 152 155 150 129 118 148 185 153 125 103  97 117 126 130 135 137 137 129 106  94 118 169 181 183 193 137  64  71  93 122 119 121 118 116 115 142 143 141 143 
132 121  86 116 173 151 140 152 137  92  82  83  86 103 133 151 155 142 150 159 149 119 132 150 143 137 131 130 127 127 114  99  90  82  83  83  88  83  96 103 104 108 111 108 108 110 110 113  94  86 107 110 109  80  60  85 123 153 182 177 179 181 179 181 181 180 183 163 149 135 155 170 165 163 164 164 162 152 141 148 159 159 160 146 110 125 129 138  91  93 113 124 129 128 127 134 132 111  88  92 144 183 181 177 178 190 123  58  88 126 119 108 100  98 117 115 102 123 148 146 
125 124 126 102 124 154 149 142 137 136 118  95  84  82  82  84  94  96  86  84  79  81  85  82  81  80  76  74  71  70  63  71  75  81  85  94  97  92  97 102 106 107 110 111 112 112 108 110  93  95 111 111 107  75  65  78 138 120 157 181 180 174 181 179 187 177 167 133 146 179 172 171 170 166 167 164 159 151 143 147 155 161 166 154 119 117 137  84 100 124 122 124 131 135 115  93 100 112 139 169 178 174 177 161 145 143  90  59  97 161 171 154 141 132 112 107 125 122 114 149 
134 148 169 134  91 127 145 142 120 125 138 123  92  97  97  81  72  62  58  68  66  76  77  79  84  91 100 102  98  98  93  94  97 102 101 103  96  95  99 102 104 108 110 111 112 112 109 105  90  99 110 113 100  73  70  65 138 151 138 131  95  89 105 100 100 135 158 151 113 134 174 172 169 168 170 166 165 157 144 150 160 163 164 159 140 119 128  92  95 111 105 104 103 105  93 120 160 182 185 179 174 176 171 138 138 153  93  62 101 158 168 167 167 170 175 154 138 145 108 144 
148 153 159 136 103 114 132 146 135 108 130 129 112 112 115 129 121 121 117  97  84  78  84  83  79  77  78  75  77  78  81  85  88  89  84  86 100  95 101 102 102 107 113 112 110 112 111 105  91  98 110 115 104  86  72  60 105 154 146 130  93  81  90  94  70 144 190 144 104  87 149 172 162 166 166 164 159 146 144 151 156 155 159 160 151 132 106 105  94  95 102 113 119 130 153 171 163 163 162 164 164 161 160 172 189 195 106  63  97 141 154 161 167 168 173 182 157 123 118 134 
142 153 156 136 114 135 137 141 140 127 125 127 133 134 113 122 141 152 153 125 128 131 141 142 126 116  99  90  85  85  91  98  88  95 101 130 122  91 102 104 105 107 113 112 113 111 111  96  94 108 108 113 108 111  92  60  89 146 146 149 147 141  96  98 100 108 157 120  90 117 186 200 181 168 176 189 185 188 199 198 190 173 158 157 155 146 121 133 132 130 138 151 158 156 153 138 134 146 152 160 167 142 144 160 171 184  96  63 114 153 153 150 167 172 171 174 165 135 118 109 
149 152 153 150 123 149  98 128 149 138 121 128 133 137 132 110 116 131 131 125 147 160 164 160 159 159 153 156 157 153 158 157 146 142 146 145 104  94 103 105 105 107 111 110 113 112 113  97  98 111 111 108 102 110 109  74  75 150 142 144 153 158 134  90  96  94  96  86 136 208 210 206 206 204 205 207 207 209 206 207 207 213 185 147 151 155 130 133 139 137 132 133 130 117 112 122 137 132 134 149 152 156 158 148 148 143  75  71 126 163 167 166 168 168 171 174 169 153 125 106 
143 146 155 153 110 148  94 100 160 149 125 124 137 134 136 134 126 120 124 117 117 116 126 154 158 154 152 154 158 158 158 158 158 156 152 143  99  99 105 103 104 108 111 110 110 113 113 102 106 115 114 109 104 111 111  98  65 143 151 135 146 140 159 130  93  91  95  90 190 219 202 203 204 204 204 202 203 203 203 203 202 206 195 149 147 153 137 113 114 118 120 119 124 130 135 142 143 141 135 124 120 119 133 159 180 138  58  77 135 168 170 167 168 170 176 177 143 127 127 101 
140 146 152 150  93 134 136  95 152 158 146 131 141 137 138 140 141 138 137 131 138 137 110 125 148 150 154 155 154 156 157 155 155 154 163 144  91 100 104 105 106 107 110 111 110 111 105  99 112 115 118 105 106 113 109 107  75 119 162 148 144 140 146 162 155 119 100 109 144 188 207 202 202 202 202 202 203 202 203 202 202 208 191 148 150 151 121 129 144 140 147 147 151 148 147 149 150 154 150 138 140 135 126 118 133 150  72  75 123 146 153 158 160 156 169 176 117 110 107 115 
144 145 147 152  96 126 159 112 135 166 158 137 144 148 143 139 139 142 138 134 141 146 147 124 105 121 143 153 157 155 152 155 157 150 158 130  87  99 102 105 106 107 110 111 114 115 105 101 112 115 117  99 109 112 109 107  90 106 153 146 147 148 149 148 161 168 157 148 145 189 207 203 202 202 203 202 202 202 203 201 203 208 171 147 161 145 113 142 151 150 152 146 146 148 148 148 150 143 140 144 141 143 146 144 129 107  68  77 103 118 120 122 123 127 138 124 112 113 129 146 
145 144 150 153  95 131 163 146 149 167 160 148 146 153 147 144 139 136 138 138 139 139 142 138 127 110 114 127 143 154 154 152 155 155 157 113  93 103 101 103 105 107 110 111 114 112  98 101 112 116 111 100 110 112 109 105  98  97 146 151 149 153 150 154 147 146 151 140 181 211 201 202 203 203 203 203 202 202 202 203 204 207 167 156 151 110 136 149 147 148 147 150 146 149 163 163 167 163 152 146 138 139 143 146 155 109  63  79 124 151 151 146 145 160 115  85 129 138 134 140 
149 144 152 142  90 145 155 152 160 173 163 152 143 154 156 152 149 139 137 142 141 136 140 140 140 136 118 116 124 132 146 157 155 157 159  99  95 103 103 105 104 104 108 113 116 109  92 104 116 118 107 101 112 113 111 106  99  95 145 156 150 154 155 155 153 151 140 117 157 194 211 210 211 209 207 211 212 208 207 207 205 207 161 135 101 117 155 150 146 150 149 148 145 148 151 150 144 154 164 168 168 157 151 152 159 122  68  76 106 139 147 152 155 146  85 100 114 108 121 127 
147 148 154 115 119 154 139 146 150 173 170 153 138 147 152 158 158 152 147 143 144 141 141 143 137 139 138 126 117 115 115 144 161 158 146  92  96 104 106 106 104 105 111 115 116 102  92 116 119 122 100 101 113 116 114 108 102  94 136 161 153 157 158 159 156 160 163 155 138 126 171 177 163 137 144 152 169 184 183 184 187 170 118  93 115 156 155 152 148 142 136 132 130 130 134 138 136 141 151 161 152 159 168 175 180 128  64  85 112 135 126 139 157 114  95 107  99 103 108 116 
148 148 119 107 152 146 143 146 135 171 180 166 139 144 150 150 155 154 151 145 145 146 147 149 143 139 140 142 136 135 120 103 136 163 132  88 100 105 107 104 108 109 115 117 117 102 100 117 120 119  95 106 112 113 114 109 105  94 122 164 161 159 155 159 165 164 163 174 143  99 108 120 118 123 142 132 106 113 123 127 136 141 145 144 147 136 130 121 108 108 114 108 112 115 105 110 119 111 123 135 129 139 131 143 167 126  63  97 135 141 123 129 145 114 116 113  98 104 108 107 
146 107  91 134 157 146 145 148 136 148 181 179 153 136 151 148 151 151 149 144 148 146 150 157 153 148 144 142 144 149 149 122 104 147 118  91 103 105 106 107 111 113 115 118 118 103 112 119 123 114  93 109 114 113 112 111 106  95 108 158 157 161 162 161 162 159 157 166 164 160 159 163 168 172 172 169 140 123 140 143 136 135 120 116 113 111 124 122 133 144 148 151 153 151 149 140 141 143 132  96  88 125 145 145 141  98  64 108 123 114 136 137 143 135 115 103  92 103 108 106 
106 104 146 158 157 148 144 147 142 122 169 183 167 143 153 149 147 146 144 149 150 146 146 149 155 159 155 149 144 142 147 143 114 116 103  96 104 105 104 110 114 114 114 116 111  94 114 121 124 106  96 109 112 114 114 111 107  99  99 150 158 161 164 165 166 163 161 164 170 171 165 158 164 166 164 166 168 122 136 135 109  95 126 145 148 150 152 156 161 160 157 160 163 159 152 145 146 153 145 131 100  88 115 154 152  94  66  94 137 149 172 176 173 152 141 144 114  98 101 107 
 95 135 154 157 157 145 142 143 144 124 159 183 173 147 152 155 148 146 145 148 148 143 144 149 148 149 153 155 150 146 140 138 129 109  95  99 102 104 105 109 111 111 113 118 105  97 117 123 123  96  99 112 112 113 111 111 109 103  94 137 161 159 162 164 168 167 166 165 166 167 165 163 165 165 162 161 186 128 123 119 100 136 146 153 148 148 150 156 157 155 157 158 160 159 150 144 152 143 118 127 119 106 107 135 149  87  76 107 153 176 173 174 173 173 175 181 178 141 109 105 
131 143 154 158 156 140 140 143 144 125 148 180 177 149 150 158 154 149 152 151 147 141 145 151 152 148 147 148 148 147 144 141 127 112  96 100 101 102 104 106 106 109 111 115 106 106 120 122 117  90 105 113 114 111 110 111 108 103  93 124 161 158 160 164 168 169 166 167 166 166 167 166 166 166 164 162 181 129 115 137  99 142 153 136 141 144 146 154 159 157 157 159 159 161 145 141 145 139 151 127 125 112 125 138 146  81  73 114 133 165 176 175 171 172 179 179 177 179 166 136 
142 150 159 157 149 140 142 144 146 130 132 178 174 148 154 159 158 150 149 152 148 145 147 146 146 154 157 150 146 146 144 141 148 110  93 101 102 103 104 105 103 107 113 114 100 104 118 127 112  88 110 111 112 113 111 111 108 103  95 112 156 156 163 167 163 165 165 166 167 166 165 166 167 168 168 166 172 139 112 142 118 119 112 127 150 145 149 156 159 158 155 151 136 141 153 158 159 144 151 160 136 129  98 137 149  81  74  97 138 153 158 175 180 165 154 163 169 176 182 170 
145 156 160 161 152 138 142 145 145 135 123 176 169 150 158 157 160 158 152 150 150 149 147 147 146 148 151 148 146 147 144 144 149 104  95 102 105 106 106 106 107 110 115 110  96 112 120 129 105  95 111 110 112 113 113 113 109 103  97  99 149 158 139 121 159 169 160 161 168 166 164 167 167 168 167 166 164 145 121 120 108 132 136 140 146 148 149 157 157 142 135 139 165 190 202 207 209 156 131 165 157 129  95 108 119  74  83  98 147 158 151 149 178 177 160 153 142 140 153 169 
155 155 158 164 151 141 143 145 146 140 118 161 164 146 159 158 158 158 157 156 155 152 150 151 153 150 148 144 147 149 146 149 143  95  96 100 104 106 108 105 107 112 113 104  95 115 122 125  91 104 113 110 113 114 112 113 110 106 100  92 142 161 121 108 115 152 182 168 165 168 168 167 167 167 167 166 168 142 125  95 137 158 145 146 148 154 150 141 132 159 187 194 210 207 205 205 207 179 169 173 161 130 115 124 120  74  70 113 163 151 158 155 147 167 181 181 167 146 132 130 
158 158 156 160 156 146 144 143 145 142 118 144 163 145 156 156 155 155 159 155 144 144 144 145 150 152 154 153 150 152 149 159 136  91  96  99 103 105 110 111 109 110 113 102  99 115 121 115  86 107 114 111 110 112 111 111 112 106 101  92 126 159 137 134 126 107 139 183 183 173 170 169 172 170 169 166 172 139 121 114  99 129 143 141 136 141 133 131 181 210 210 207 203 203 203 202 203 207 215 186 149 149 126 128 128  75  80 140 162 142 127 159 138 120 145 171 180 179 175 164 
159 159 159 160 160 151 142 142 143 144 121 137 165 144 154 157 159 155 161 144 118 115 126 132 132 139 146 141 132 131 129 139 108  90  98  99 103 104 107 108 112 113 112  89 108 117 121 104  88 110 112 113 114 114 113 111 111 107 103  93 113 154 149 136 134 133 112 121 150 163 169 176 173 170 169 168 170 155 119 136 113  97 105 153 179 171 166 187 211 203 203 203 203 204 203 203 203 204 210 195 146 150 136 129 110  72 104 146 160 138 121 130 133 114 109 128 153 175 176 180 
157 156 158 161 159 155 144 142 141 140 120 127 172 147 151 158 158 157 161 139 131 144 133 127 118 122 123 119 123 121 114 106  97  92  99 101 102 104 106 106 111 114 109  98 114 119 122  95  94 112 112 113 114 115 115 114 111 108 105  97 102 150 154 142 130 127 137 139 125 125 140 160 171 171 169 172 168 173 133 115 137 133 103 179 217 208 209 206 202 203 203 203 203 203 202 203 203 204 208 192 159 150 153 117  88  74 110 143 137 130 135 119 130 107  95 103 113 130 148 158 
158 156 158 159 159 161 144 139 141 138 124 128 175 147 146 158 156 157 160 145 128 155 160 154 139 119 109 110 125 126 113 109  95  95  98 100 103 104 106 109 109 115 107 105 117 121 118  85 103 113 111 111 113 113 113 117 116 107 100  99  91 138 155 154 151 136 124 137 151 141 123 117 129 160 178 151 120 132 159 123 107  98 156 214 203 201 202 201 202 203 203 203 202 203 203 203 203 203 208 189 163 173 138 107 100  69  89 117 130 140 141 120 126 125  92  96 103 101 111 134 
156 157 159 157 157 154 136 139 141 140 128 136 176 154 145 157 155 154 155 151 127 111 135 160 163 150 134 128 122 121 131 141  92  94  97  99 102 104 105 108 110 116 100 102 118 122 111  82 107 113 111 112 113 112 113 116 113 120 116 110 108 119 154 155 157 157 153 127 126 145 152 138 118 119 130 116 122 117 182 173 109  86 163 201 206 203 202 203 203 203 202 203 204 204 205 204 204 204 208 187 163 125  97 128 101  69  90 122 131 137 138 125 108 149 121 100 101 104 104 103 
155 155 158 158 163 127 115 139 141 139 122 136 178 159 145 159 157 153 153 158 147  96  85 101 121 143 140 141 151 139 153 145  91  94  98 102 106 108 107 107 109 108 102 112 117 126 101  87 111 112 115 113 112 113 113 114 106 131 161 119 132 102 150 150 156 159 161 159 149 127 134 150 146 144 136 142 150 112 135 166 113 110 111 130 165 203 204 203 203 203 203 203 204 204 204 203 203 202 210 196 121  83 109 119  91  76 103 123 118 133 135 110 130 168 164 149 119  97 102 104 
153 153 156 162 148  99 115 135 139 139 119 131 175 167 143 155 157 156 155 156 157 151 115  76  74  82  94  97 108 103 102 112  94  98 100 102 107 109 113 112 112 103  99 114 118 123  91  95 111 112 113 113 112 114 114 112 112 109 156 124 134  96 144 148 157 160 161 162 162 149 126 131 139 152 149 144 147 140 119 116 124 139 152 131 135 204 204 202 203 203 202 203 204 204 205 205 206 211 220 144  76 104 109 133 114  69 107 118 129 158 137 117 144 155 176 173 166 131  97 104 
151 152 159 144  93  73 109 140 141 141 125 119 174 173 147 151 157 156 155 156 157 158 156 129  76  65  76  75  64  60  72 101  98  98  99 103 105 108 110 113 111 100  96 114 122 118  85 103 112 111 112 113 113 113 113 114 116 104 145 142 137  94 137 152 152 159 165 164 160 163 157 141 119 134 148 147 145 144 143 140 144 147 146 134 195 210 204 206 205 204 205 208 209 213 211 207 204 190 134  83 103 113 164 191 117  71 123 142 157 164 129 129 139 147 174 173 172 178 154 122 
154 157 141  92  87  85 119 142 141 143 135 115 170 175 151 151 158 157 155 156 159 157 155 160 138  87  68  81  81  74  87 104  96  99 101 103 105 106 105 110 111 101 100 116 120 110  86 108 113 114 112 109 110 112 114 116 114 103 130 172 144  93 111 154 156 163 166 164 163 161 159 168 157 119 118 145 147 142 144 144 146 153 121 134 186 201 202 199 198 200 199 181 164 153 142 134 120 102  92 113 118 107 135 159 106  95 152 158 158 134 129 144 138 147 158 174 154 146 171 170 
151 136  94  91 105 104 138 144 141 142 135 117 170 177 153 154 157 158 160 155 156 160 156 153 163 144  92  70  81  78  98 103  96 100 101 102 103 108 111 110 111 100 104 114 118 110  90 113 114 113 112 111 109 113 115 114 111 107 104 179 185 130 129 148 158 163 162 164 163 160 159 167 173 164 115 118 151 148 147 149 152 151 124 109 102 125 126 133 140 146 148 131  94  85  99  98  98 105 113 117 116 115 116 103  80  85 113 145 132 112 158 146 134 146 153 176 172 143 127 150 
106  92  97 115  95 111 151 146 141 143 134 116 170 181 152 148 156 159 158 158 157 157 159 153 151 157 151 112  73  84 119  97  98 100 101 101 102 105 107 109 112 113 115 117 113 124 112 107 114 112 111 112 112 112 115 115 114 113  97 129 204 198 183 137 149 162 163 164 162 164 166 165 161 172 164 114 129 153 150 152 150 152 154 148 137 137 134 142 148 149 147 150 121  86 116 120 112 115 115 109 106 106 122 116  83  78 102 116 102 141 168 140 135 147 148 173 174 177 157 130 
136 104  99 109  83 124 157 146 146 145 138 111 162 180 154 149 159 158 157 157 158 160 158 154 151 151 157 161 126  99 122  91  99  99 103 102 102 103 106 110 104 104 114 115 113 120 126 108 111 112 112 113 113 114 116 114 114 114 108 101 182 209 124 122 154 161 164 163 161 165 167 165 167 166 173 158 118 145 154 154 154 154 154 154 159 156 151 156 160 158 156 160 166 115  85 100 101 102  99  95 117 139 107 104  83  91 116  77 120 177 161 133 141 145 149 171 184 178 176 177 
163 136 112  94 103 155 157 146 148 146 144 115 154 181 160 150 156 157 155 156 159 158 158 157 154 154 152 154 150 134 113  89  99 101 104 104 102 105 111 114  99 102 113 113 115 114 123 119 110 113 112 111 110 112 113 113 113 111 112 100 163 210  95 112 160 160 163 162 161 166 167 167 170 167 168 173 157 140 150 150 154 152 153 155 140 127 141 156 160 162 161 163 160 169 122  95 122 115 127 161 175 179 174 132  76  90  85  92 165 177 154 138 144 144 144 159 175 178 174 178 
134 159 173 141 144 161 162 144 146 147 147 126 147 183 164 149 156 158 153 154 160 160 159 157 155 154 152 153 153 157 102  92 100 103 103 104 102 106 111 111  92 105 114 113 113 112 114 126 116 112 111 110 109 111 113 114 111 112 113 100 143 217 119  90 158 159 161 161 164 169 167 169 172 168 168 168 161 141 148 151 152 148 151 154 137 118 145 140 148 147 139 133 130 152 164 164 156 154 147 141 154 175 160 125  80  74  91 160 176 167 145 156 150 144 145 148 119 116 158 184 
139 162 163 147 151 161 164 147 145 145 147 126 141 180 166 150 158 158 153 154 159 161 161 160 158 156 156 156 151 137  90  94  97 102 104 106 105 107 113 111 100 112 116 115 113 112 109 117 122 111 110 109 107 111 114 113 114 115 112 102 130 218 115  71 153 159 160 165 168 167 170 170 170 166 170 166 139 140 150 151 151 150 154 149 136 168 210 188 165 152 153 150 160 169 166 182 189 184 179 164 135 119 105  99  93  89 143 176 172 149 152 173 156 135 147 138 113 107 130 174 
147 168 154 140 153 166 164 153 147 146 147 122 143 181 165 148 153 158 156 151 129 127 138 151 160 160 157 146 148 133  95  97  95  97  96  97 100 111  96  92 102 108 108 106 106 107 109 122 121 104 106 107 110 114 113 111 112 111 110 108 113 176  82  66 125 149 162 169 168 167 171 171 168 168 174 143 134 149 150 150 150 152 154 147 128 177 204 181 172 173 175 178 179 178 171 176 187 187 185 188 186 155 112  91  88 110 164 170 162 148 172 179 162 126 141 131 109 115 129 124 
168 161 147 137 158 167 164 153 145 148 147 122 144 179 167 150 154 156 156 141 117 136 132 119 121 125 125 126 129 151 147 145 144 142 129 121 111 112  82  70  99 123 125 133 143 150 158 169 143 132 124 113 108 104 106 108 112 112 110 113  95  87 119  68  85  91 131 166 173 175 171 172 168 170 173 130 146 153 144 148 149 150 153 134 122 163 176 168 175 175 173 174 180 178 171 182 185 183 181 181 188 163 143  98  65 127 173 160 140 161 173 181 139 115 131 129 111 112 127 127 
166 157 139 149 166 164 161 146 148 148 148 128 135 177 171 151 155 156 156 146 129 134 144 159 155 143 142 150 138 129 153 156 158 162 162 161 168 130  67  66 125 174 167 169 169 168 172 166 134 162 166 160 150 135 119 110 106 109 110 106 110  92  93  74  74  70  77 107 138 151 164 174 174 179 136  98 115 125 125 146 154 153 148 129 150 203 179 172 177 177 174 176 182 181 182 187 186 185 184 184 187 160 134 112  61 146 165 136 151 174 176 162 118 129 143 121 110 110 122 131 
165 147 140 159 167 165 164 148 146 149 151 133 139 185 173 152 156 157 157 158 149 139 130 131 159 174 175 179 138 130 154 154 156 155 153 155 168 102  65  67 106 174 165 162 163 163 169 156 115 152 162 162 164 165 163 156 142 128 121 126 153 155  61  58  65  75  81  74  75  91 105 115 146 130  85  94  91  84  92 103 111 120 130 153 167 161 189 183 175 176 175 178 177 171 180 189 191 189 184 185 187 171 147  99  65 149 129 140 171 174 171 124 118 141 135 112 106 111 119 130 
157 124 149 165 164 167 166 150 146 153 152 136 140 187 172 150 155 158 159 157 153 153 151 134 123 125 152 172 121 138 156 157 155 154 156 160 152  77  72  72  83 160 164 160 163 163 173 143 112 150 160 158 158 157 159 164 168 167 164 165 162 163 107  88 113  90  75  82  76  69  72  71  72  72  82  94  95  92  96  93  93  90 103 126 140 118 157 188 171 171 177 178 180 182 191 198 200 193 187 186 187 171 161  98  72 152 148 164 170 178 140 107 138 143 126 108 104 109 119 126 
143 121 155 162 163 166 165 156 149 151 151 135 137 183 171 146 153 158 159 155 152 154 155 161 157 142 124 134 103 133 152 152 154 154 154 163 135  66  73  73  71 145 168 162 162 164 171 125 121 151 160 158 158 158 159 162 162 161 162 160 159 156 159 159 153 122  93  79  77  77  76  81  81  86  87  91  94  90 103 107  94  98 112 123 106 143 196 178 177 188 196 202 204 206 206 205 205 203 195 185 186 179 156 104  78 156 170 167 174 144 105 135 143 143 121 107 104 107 116 126 
133 139 157 161 162 165 163 159 151 150 150 144 133 175 177 150 153 158 158 156 155 153 154 158 160 164 160 145 116 142 148 150 155 154 152 163 120  64  78  78  67 121 169 161 162 166 160 109 124 150 162 162 161 159 161 163 161 162 161 159 159 157 157 153 146 137 132 105  66  83  83  73  74  83  91  98  98  88 103 161 150  90 103  98  98 172 205 199 202 206 204 202 202 203 203 203 202 202 204 194 186 189 162  96  74 140 175 171 146 100 105 132 143 138 115 105 102 108 114 122 
129 149 155 156 162 165 163 157 148 150 152 153 137 166 179 154 155 160 158 157 156 154 155 158 161 159 161 164 146 146 148 154 154 153 154 164 110  61  77  81  69  95 168 164 161 170 145 105 134 151 158 161 163 164 165 163 162 162 162 162 161 158 156 155 149 138 141 143 101  66  80  81  75  71  76  84  94  86  92 171 188 170 138 118 130 108 150 210 203 201 202 202 202 202 202 203 203 203 204 203 184 189 169  78  75 104 121 123 114 129 112 127 144 128 110 103 102 108 114 123 
136 156 153 155 160 161 160 159 154 154 153 154 137 158 180 158 155 158 159 158 157 157 154 159 161 159 161 153 142 144 149 153 150 152 153 164 105  59  75  79  76  79 160 166 162 173 126 109 138 151 157 158 160 162 163 162 164 163 163 161 159 154 153 154 151 142 133 153 163 107  59  73  80  75  73  78  80  83  84 170 179 126 112 117 129 131 156 202 204 201 201 202 203 203 203 203 204 203 204 204 187 187 171  88  92 105 109 120 129 137 115 105 147 129 109 105 102 105 114 124 
148 157 152 152 150 151 157 162 144 135 153 154 137 146 181 159 155 159 161 158 156 156 154 156 161 160 161 147 142 146 150 153 150 150 151 164 103  57  76  77  80  71 140 171 172 147 105 118 138 151 156 154 154 159 160 159 160 162 162 159 159 157 155 155 152 143 129 148 160 168 120  73  74  81  81  84  84  93  92 112 104  83 103  98  85 178 215 201 202 202 203 204 203 203 203 203 204 202 205 204 191 192 172  95 115 128 122 122 111 118 117 109 146 129 110 104 101 108 114 121 
152 157 152 149 151 158 160 151 113 134 156 151 142 142 182 162 156 163 161 157 155 159 157 155 161 163 157 144 147 147 149 151 169 187 178 166  91  61  77  75  81  67 118 179 135 103 103 132 173 187 191 183 165 156 159 160 160 160 161 160 160 159 156 155 150 145 134 143 154 160 174 137  82  78  77  78  85 104 109  96  96 110 113 108  90 128 205 205 202 203 203 203 202 202 204 203 204 204 205 200 184 190 171  74  86 119 146 163 146 110 100 126 140 124 109 104 108 115 119 128 
151 156 151 150 151 155 136 115 113 150 152 151 142 143 183 164 155 163 161 156 148 157 165 161 161 166 156 142 143 149 142 167 207 206 213 179  73  67  78  75  80  74  95 127  98 100 113 168 193 193 196 201 197 166 159 164 163 159 162 161 160 158 156 153 150 148 137 137 152 159 164 176 133  76  83  79  92 105 108 108 110 107 107 109 120  81 129 213 203 202 202 202 202 203 203 204 203 203 204 200 186 196 163  71  86  97 115 129 148 154 151 146 140 130 112  99  93  87  78  72 
126 158 156 148 144 127  86  95 143 158 148 150 145 143 183 167 148 164 160 157 128 113 130 143 148 151 146 136 166 198 175 191 203 198 213 176  65  71  77  76  80  82  72  95 108 115 143 181 186 190 194 194 201 190 158 157 155 157 162 161 159 158 156 154 149 147 141 133 148 157 158 162 162 132 151 158 131  92  98 107 105 106 107 110 105  87 160 211 203 202 203 203 204 204 204 203 202 203 205 210 202 174 110  84 108 112 105 106 106 103 127 148 114  82  58  45  44  48  59  47 
 97 144 168 143 111  82  85 117 164 159 148 151 144 142 184 192 178 161 164 158 121 107 105 115 112 103 140 151 196 203 202 200 198 199 212 148  62  75  78  77  78  84  69 105 149 173 176 184 190 193 196 195 196 197 184 183 182 167 157 159 159 158 158 156 153 150 144 129 143 152 157 163 155 155 179 180 178 141  88  96 107 110 113 104  86 166 218 202 203 208 209 210 213 212 208 208 213 213 208 188 137 127 111  82 113 121 115 118 119 114 111  92  51  51  49  50  57  65  66  70 
103 106 121 110  97 114 107 142 168 158 154 154 143 145 167 138 164 164 166 162 126 111 117 116 126 126 113 166 201 198 200 199 201 202 214 125  60  78  78  77  75  86  66 120 194 191 186 188 194 195 197 197 197 198 200 200 204 201 167 158 161 159 157 155 152 150 145 133 139 155 164 159 146 159 175 172 175 183 162 106  95 107 112 105 102 146 188 201 187 172 155 148 143 139 179 189 172 155 138 118 124 149 120  79 103 115 112 113 119 125 110 102  63  63  59  56  60  68  59 106 
107 103  99  89 109 123 131 163 162 161 153 153 153 135 145 124 132 165 165 162 150 113 111 109 118 100  77 179 201 197 200 200 200 203 211 108  61  77  81  79  76  89  72 105 203 193 192 192 196 198 197 198 198 199 198 198 198 203 193 162 159 159 157 154 152 148 148 135 135 155 158 141 153 175 175 175 174 176 186 176 121 104 121 130 131 101 126 133 116 104 105 115 109 109 124 124 113 118 133 138 152 151 112 117 122 105 101 102 108 112 122 105  57  69  61  57  58  60  59 150 
111 109 109 125 129 110 155 164 161 159 150 155 158 132 135 136 139 161 165 163 161 150 115 114 121  85 110 196 198 198 201 201 199 207 198  84  65  78  82  79  74  85  80  81 190 201 194 194 196 197 198 196 195 197 199 200 199 199 203 173 155 159 157 155 154 152 147 140 133 142 148 155 160 156 155 158 154 153 146 130 118 108 123 134 137 109 108 131 144 144 148 148 146 151 150 147 150 150 149 145 150 153 118 118 147 145 145 149 149 145  88  83  53  66  57  55  56  55  73 158 
118 109 121 147 110 130 167 159 158 156 152 153 154 139 145 127 137 160 165 161 162 167 144 116 107  67 150 209 196 201 201 200 200 210 180  67  70  79  81  79  75  82  84  64 165 206 196 195 196 196 198 197 196 198 199 197 199 199 203 181 157 160 158 158 156 153 147 147 100 101 126 126 118 126 127 117 111 110 114 109 115 127 129 127 141 141 148 151 152 151 148 147 151 151 152 151 151 150 148 146 154 151 114 114 142 156 159 160 164 159 110  62  50  52  58  54  64  57  70 159 
111 121 139 127 115 164 163 156 156 158 154 152 150 153 150 123 128 159 166 164 163 165 167 153 132  86 163 206 197 200 200 200 200 212 156  59  73  75  81  82  78  83  87  64 137 209 195 195 195 197 198 198 199 199 198 195 198 200 206 176 157 160 158 156 154 150 148 149 102  90 111 118 123 124 125 130 128 130 131 126 126 130 127  95 140 151 146 148 151 151 150 147 147 149 148 149 150 151 148 150 158 149 104 100 119 131 140 154 157 138 130  87  75  41  52  62  58  57  57 166 
118 117 115  92 134 165 157 155 157 162 157 152 151 161 141 127 141 157 163 164 162 164 161 161 178 116 173 205 198 200 199 200 200 213 127  60  73  72  78  79  77  82  88  71 105 205 198 196 197 198 199 197 198 197 196 196 197 200 186 158 158 160 159 156 153 151 148 149 126 100 120 124 133 135 132 133 137 141 141 130 123 132 113  84 133 147 146 148 148 152 147 149 145 146 148 146 147 150 148 148 156 144 101 106 122 128 123 122 149 153 144  88  93  82  46  60  48  56  62 168 
138 134 140 102 136 161 156 156 159 161 157 154 154 157 133 121 139 156 166 164 163 163 161 165 156 102 189 201 198 199 200 200 202 207 104  61  72  74  78  80  78  80  86  75  80 192 202 197 197 197 198 199 197 197 195 197 198 202 171 154 157 157 158 157 154 153 148 149 130  91 122 128 128 134 138 137 136 134 127 119 124 128 104  88 109 117 126 139 117 118 125 127 145 149 150 143 146 152 150 148 158 139  95 110 129 135 136 127 140 194 192  81  76 105  49  49  58  50  61 138 
160 127 142 108 130 161 160 158 159 160 157 152 154 153 129 118 135 153 165 163 163 163 161 174 120 101 202 196 199 199 199 199 207 194  80  68  75  76  81  81  77  80  85  79  63 165 207 196 197 197 197 197 199 199 198 198 197 200 195 158 155 155 157 156 154 153 148 144 141  86  96 123 131 133 135 138 139 102  94  95 109 116  96  89  98  95  97 106 106 132 155 129 109 125 144 156 152 150 146 151 159 134  97 115 132 136 137 133 161 192 185 126  52  74  54  45  61  66  56  89 
157 134 133 112 123 160 160 160 162 162 158 150 155 151 128 119 132 155 165 162 160 162 162 177 102 118 207 196 201 200 198 199 210 175  63  70  78  79  81  78  75  78  85  86  60 133 208 196 197 197 196 198 200 200 201 199 198 197 202 168 154 157 156 157 156 153 145 168 182 113  93  91 107 127 139 139 143 107 118 161 130 101  89  81 106 167 161 161 169 171 167 158 147 150 120 121 145 153 148 152 158 128  94 119 133 138 136 132 157 191 189 124  57  67  74  57  49  60  48 132 
164 150 132 111 113 162 157 148 146 145 132 149 161 145 124 120 129 151 166 167 166 163 164 171  87 133 205 198 199 198 199 199 213 149  56  71  78  81  81  80  78  79  85  88  64  98 203 199 196 197 197 200 199 200 202 199 197 197 203 174 151 157 156 157 155 154 146 182 201 145 135 138 113  98 115 145 147 110 102 149 116  95  90  83  91 163 176 170 172 158 144 152 158 161 152 119 102 137 156 154 151 125  94 116 127 134 129 133 141 197 130  53  67  71  75  73  53  58  48 145 
173 153 131 133  90 112 120 115 107 103 146 160 157 139 123 120 127 148 167 168 164 165 159 166  86 131 203 199 200 199 200 201 212 122  59  76  78  77  79  80  77  78  83  85  72  75 188 202 196 198 198 199 200 200 200 200 199 199 204 171 153 155 155 159 155 152 144 176 200 166 128 155 166 153 113 109 144 128  98 119 103  94  87  86  86 150 181 177 174 152 133 139 144 140 135 149 130 108 123 146 150 116  93 115 124 111 102 150 145  91  55  76  73  69  74  73  70  57  43 128 
149 153 127 142 120 110 142 146 108 134 165 162 153 139 129 115 124 149 155 165 164 165 137 148  79 160 206 198 199 199 200 203 206  95  59  78  79  78  82  81  75  77  82  87  77  60 170 205 196 197 197 198 198 199 198 202 203 205 188 155 155 154 156 159 157 149 157 185 195 180 129 147 161 167 167 122 115 146 119 111 103  94  84  87  84 135 184 170 169 158 141 134 138 134 131 137 137 132 122 137 129 106 100 120 118 102 142 199 140  70  55  56  55  62  69  70  65  53  36 105 
 97 151 143 130 145 151 154 125 117 161 161 165 152 131 121 119 125 148 162 158 163 165 151  83  79 188 203 198 199 199 199 209 186  74  76  73  76  78  83  84  80  77  81  87  81  57 149 209 196 198 198 197 196 197 201 186 178 175 153 151 152 154 156 156 158 148 169 198 192 190 132 143 163 163 176 161 133 146 122 105 100  91  83  86  84 113 183 174 169 170 153 151 144 141 145 150 153 164 150 149 134  96 102 109 120 142 183 167  66 101 116  84  57  47  43  50  56  47  32  91 
134 159 159 136 130 144 140 109 140 163 161 162 150 128 106 118 127 146 177 161 163 172 149  56  89 198 203 200 201 200 199 210 164 118  87  67  77  77  79  82  82  80  83  88  85  66 118 208 200 198 198 195 196 196 205 171 146 148 148 152 150 151 154 154 156 149 165 195 190 195 143 127 151 151 149 127 137 135 110 105  97  88  82  85  85  96 171 173 161 164 151 142 133 118 118 123 124 130 118 107 125  87  84 114 137 154 136 122 122  78  74  96 104 101  96 101  93  54  93 120 
167 160 160 161 149 132 114 112 156 161 159 161 144 119 120 119 132 143 178 167 162 173 127  51  95 186 201 198 200 200 199 199 203 142  57  75  77  79  82  81  80  79  82  88  84  74  93 204 201 163 185 202 201 202 190 156 148 148 146 148 150 150 154 153 154 184 193 191 191 197 163 106 104 104 111 121 131 112 103 102  95  88  84  84  89  90 117 122 115 117 104  86  80  72  70  65  63  58  57  53  48  76 121 155 170 130  94 131 136 131 105  74  60  69  75  71  51  90 122 129 
166 160 165 167 172 173 147 126 155 163 160 159 142 126 120 124 108 120 180 166 166 172 114 105 143 147 155 190 203 199 199 212 166  68  67  76  77  79  83  83  79  77  80  85  84  79  70 175 175 152 160 175 181 174 158 151 147 146 146 144 146 148 153 150 168 203 196 193 192 195 184  91  61  74  85  84 115 114 102  99  94  87  84  85  90  93  87  78  79  79  79  80  75  73  71  71  70  67  65  60  71 111 150 160 135  99 126 135 127 121 122 117 106  96  91  91 103 115 109 122 
172 170 167 168 172 176 156 135 160 158 162 154 139 131 120 120 112 128 176 171 162 169 149 151 150 145 142 180 209 204 209 189  80  55  72  73  76  76  78  79  76  77  81  84  86  85  62 120 165 158 158 157 155 155 152 147 145 143 145 143 143 145 149 148 176 201 195 192 191 192 196 103  58  66  58  85 123 110 102  97  91  86  82  84  89  92  91  81  80  80  85  84  80  84  81  82  81  73  73  74  69  61  59  71  81 114 141 130 126 119 115 118 118 122 122 121 118 121 119 125 
125 159 178 172 173 177 155 137 162 161 162 153 139 128 123 116 128 135 169 187 167 173 147 145 146 145 148 154 186 195 178 142  65  66  68  72  77  76  84  88  78  77  82  84  86  88  67  97 165 158 156 157 159 157 150 144 139 136 137 138 138 140 145 145 176 202 194 193 191 190 201 130  55  61  62 116 116 104  97  91  85  83  82  83  87  93  96  93  92  94  96  96  95  97  96  94  92  88  82  83  77  64  59  53  74 138 134 128 126 120 124  93  74  79  88  92  96  89  90  93 
116 104 166 182 173 179 160 126 156 160 161 149 132 123 113 117 129 138 146 167 154 148 143 144 145 147 152 148 149 151 156 125  60  67  67  70  75  89 102 104  99  89  79  80  88  87  66  75 160 161 157 157 157 155 146 137 138 146 151 151 152 148 146 146 164 201 196 194 193 191 199 159  57  50  96 122 109 102  93  75  80  84  83  85  89  92  97  95  92  92  87  84  89  87  87  90  91  93  93  91  97  95  93  88 113 141 129 127 123 126  78  60  57  36  49  46  35  52  55  48 
112  99 115 160 152 148 141 102 111 124 144 150 125 126 112 118 132 152 112  53  58 115 146 141 144 149 150 150 153 150 165 106  57  66  69  81  97 104 102 101 105 106  92  79  82  86  87  57 137 170 158 160 157 157 164 180 191 195 193 189 185 181 172 160 152 178 195 194 193 192 195 183  61  64 123 112 106  99  94  90  89  85  84  85  89  93  96  85  66  64  69  76  85  92  81  80  82  86  92  99  89  89  87  80 135 135 129 126 128 104  58  81  63  62  41  87  79  81  67  52 
127 116 121 138 130 141 143 126 124 157 141 148 137 133 118 122 129 142 136  83  72 136 154 151 149 147 150 149 151 152 161  85  70  88  93 104 104 102 102 106 106 104 104  97  89  69 120 160 112 170 164 160 167 170 168 168 158 154 155 155 157 165 174 176 175 170 190 201 198 198 196 196 156 115 118 107 101  98  97  94  88  83  82  83  89  94  83 135 175 155 163 164 152 155 144 151 152 160 176 184 160 168 159 128 133 132 129 125 129  85  74  65  66  76  38  91 106  68  53  56 
183 181 181 178 175 184 197 199 199 206 163 141 132 107 115 120 131 135 158 194 181 179 179 179 178 174 168 164 165 171 158  79  89  99 100 102 102 101 103 107 109 104  99 106 104  77  69 172 127  70  84  82  86  82  72  70  76  80 102 137 162 175 188 197 203 206 205 204 205 205 202 213 190 115 112 105 101  98  96  90  86  84  83  85  89  93  82 130 212 200 196 175 170 174 171 181 201 201 190 183 198 198 204 163 128 134 128 126 128  55  50  51  51 100 113 101  44  24  61  65 
180 179 179 178 181 181 191 204 206 200 157 139 131  95 114 123 133 134 149 179 175 174 174 171 176 175 173 176 176 186 161  83  92  98 101 101 104 102 104  97  94 105 100 107  96  80  70  76 146  74  86  96  93 111 123 118 130 153 163 192 205 203 200 196 197 199 199 195 192 190 196 195 120 108 109 103 101  92  90  89  86  85  84  83  88  90  85 103 184 187 183 167 156 162 159 159 176 185 182 161 176 183 183 131 132 137 133 130  72  64  91 101 101 102 112 105  46  45  82  43 
162 163 170 168 164 170 173 188 193 183 156 133 129 125 112 120 135 137 144 174 171 176 178 180 185 183 179 180 178 190 145  83  94  97  98  99 104 103 100  88  89 104 103 106  87  79  81  55 125 172 148 149 157 177 181 160 156 160 151 173 188 184 186 184 181 182 187 192 189 187 195 151 105 115 106 100  98  92  91  86  85  83  82  83  87  90  92  87 163 187 176 168 143 152 152 148 161 179 184 178 174 186 172 119 139 133 137  94  68 114 110 103  97  99  81  65  97 108 101  38 
176 176 180 177 180 178 180 196 206 181 147 137 132 120 110 120 134 137 144 180 177 172 171 169 165 172 172 163 160 163 111  84  97  97  99 100 102 104 100  84  94 103 105 102  78  84  84  65  92 189 160 160 164 174 180 168 157 158 158 168 183 174 178 189 183 186 177 175 183 192 175 111 114 104  96 100  89  94  91  86  84  85  84  85  85  91  95  83 143 180 169 167 145 142 136 145 152 177 179 168 174 187 138 118 142 132 127  76 104  98  82  98  50  40  33  20  88 115 105  59 
167 160 166 163 165 164 164 176 189 169 143 133 124 116 115 111 130 139 145 156 153 156 146 145 147 154 161 158 153 150  98  86  94  97 100 100 102 105  98  90 104 100 109  96  71  83  85  76  65 148 162 143 152 166 176 169 143 148 148 162 180 181 179 180 178 185 181 178 178 196 135 108 113 100  94  99  82  91  88  88  81  82  87  85  86  86  93  86 120 182 174 177 157 144 147 143 146 170 174 164 182 180 108 123 136 133 111  84 117  76  20  44  31  22  22  38  99  58  49  69 
166 166 166 169 166 168 169 169 185 163 141 126 123 117 115  82 120 141 143 166 165 160 156 148 156 155 156 163 161 143  90  91  94  95 100 101 103 105  94 100 107 101 108  81  73  81  82  78  67  83 161 141 137 152 170 169 155 157 148 162 183 185 182 184 180 173 182 182 192 169 111 113 106 106 104  98  97  92  88  86  81  80  84  84  85  86  93  86 101 177 179 178 163 148 147 142 152 183 191 191 202 190  96 130 130 132 101  92 120  98  67  76  86  70  45  97 115  48  38  61 
