COL=120
ROW=100
 83  75  89  90  97  95 110 153 146 126 118 117 139 143 146 156 158 136 155 159 157 157 158 159 161 162 163 164 164 164 169 156 114 109 137 128 151 173 133 151 170 168 167 162 167 169 171 171 170 172 173 176 169 164 165 163 148 118  95  97 121 112  60  80  71  85 126 134 137 133 131 117 120 152 158 140 106 115 138 134 136 136 134 137 138 131 136 137 131 136 142 149 147 131 123 134 131 135 146 143 144 147 145 149 148 194 209 199 186 191 188 185 185 188 189 195 177  95  92  91 
 88  72  92 118 132 133 123 126 125 136 150 160 159 158 157 161 151 122 159 160 164 162 163 165 164 162 164 167 167 164 166 161 146 148 163 167 168 166 131 155 169 166 166 167 162 166 168 169 168 169 167 168 167 164 143 123  98  95 114 132 160 138  67  77  71 105 137 142 146 142 140 133 105 119 169 163 115  99 126 138 137 133 134 137 137 136 137 139 131 126 143 160 166 170 159 152 142 131 130 141 146 145 150 146 165 208 201 198 199 191 188 186 186 187 189 192 194 108  82  93 
 87  65 107 172 163 164 143 132 149 157 157 156 157 158 156 159 148 129 164 162 164 164 164 166 165 165 166 169 168 168 165 119 153 169 121 112 158 166 128 158 167 164 165 167 164 162 165 171 170 169 163 157 145 118  97 101 118 139 147 148 159 131  62  76  73 112 142 144 144 145 145 142 136 122 147 165 116 100 107 129 138 133 137 135 134 137 139 137 136 132 124 118 123 143 158 162 164 166 158 146 138 138 144 143 189 208 201 199 197 194 190 187 188 189 193 191 198 150  84  87 
 83  72  87 163 155 154 157 160 155 154 158 156 159 162 160 162 145 135 171 165 164 167 167 169 168 165 165 167 168 173 157 135 176 151 131 113 145 165 128 161 167 164 164 166 167 166 164 168 176 169 134 112  97 114 126 131 140 144 141 144 157 118  59  82  75 116 144 145 143 145 144 141 142 144 139 157 147 105  94 107 130 138 137 138 135 135 139 139 139 141 135 134 130 112 105 127 156 169 158 150 148 129 112 146 209 203 201 201 197 194 190 189 189 191 192 191 192 182 132  99 
 83  78  71 153 162 153 156 155 159 163 164 165 165 160 166 167 140 138 171 166 165 166 168 167 166 164 166 167 166 167 168 134 113 107 145 153 155 157 128 166 166 164 164 166 168 172 164 152 139 113  99 104 125 138 133 138 141 138 139 144 153 115  62  82  74 122 140 141 142 141 145 142 138 142 135 148 150 141 100  99 104 127 139 137 136 135 135 135 138 141 141 139 136 129 114 107 109 114 108 116 116 121 114 174 213 204 203 199 196 190 185 183 181 185 189 193 195 189 155 131 
 82  84  63 137 172 157 160 158 169 155 112 156 174 147 147 171 134 143 169 166 166 165 165 163 163 168 168 165 166 165 166 165 145 151 167 163 164 151 130 169 166 165 163 167 167 152 135 116  99 104 122 133 139 132 134 138 140 140 136 139 150 104  63  79  77 125 140 139 141 142 143 146 151 143 141 149 144 152 133 100  97 106 132 137 137 138 136 136 139 137 137 132 130 130 123 108  82 110 149 155 149 142 160 211 200 191 185 179 173 168 167 168 166 167 171 174 178 185 158 150 
 81  85  63 118 179 166 168 167 171 139 153 172 140 148 132 173 136 149 172 169 167 166 166 166 165 165 166 166 165 164 162 164 169 164 161 129 146 151 135 172 167 163 166 164 146 135 112 101 115 127 138 139 136 135 138 133 133 132 130 145 154 101  63  78  85 129 139 142 150 159 162 162 157 126 115 139 149 150 154 125 108  89 119 141 139 137 136 135 134 135 130 131 132 129 119  82 114 161 157 155 158 155 185 192 182 187 189 189 185 184 183 185 186 186 187 184 183 184 167 146 
 81  87  67  94 173 169 171 168 171 137 132 135 117 105 140 175 134 157 172 167 167 167 167 166 167 165 165 164 164 165 163 163 161 165 160 121 157 149 138 168 166 181 175 142 118 102 100 119 130 135 139 137 131 124 114 111 116 118 160 159 161 107  64  74  95 147 149 155 159 150 144 135 124 113  87 110 156 148 141 145 134 111  82 123 141 137 135 137 135 132 133 129 128 133 109  90 157 158 152 157 154 159 184 196 205 204 201 196 193 189 185 186 186 188 187 189 190 193 179 143 
 78  87  74  71 159 167 162 166 166 163 131 129 163 162 168 168 131 161 169 168 166 166 164 164 165 165 165 163 164 166 161 163 163 168 161 137 168 142 149 178 175 163 127 101  97 119 133 134 135 133 128 114 110 142 151 167 177 158 147 143 138  78  67  73  97 137 133 129 128 124 123 131 137 132 103  99 149 142 132 137 143 140 108  81 122 141 139 137 137 129 130 137 136 134 102 124 162 155 157 158 152 166 207 209 203 200 197 192 189 188 187 185 186 187 186 187 187 191 189 150 
 79  86  79  60 156 194 171 166 167 171 132 141 174 177 171 164 129 163 168 166 165 165 164 162 163 163 164 164 166 164 162 163 164 166 166 172 169 162 154 146 124 109  92  99 121 138 135 134 139 130  98 103 168 198 197 197 196 170 109 139 145  78  72  76 101 130 134 139 138 139 142 140 134 132 106  91 144 148 140 137 143 144 142 106  80 123 143 137 138 131 129 136 136 130 114 152 157 157 159 159 154 186 210 203 202 201 196 193 190 188 186 185 185 186 188 188 187 189 192 162 
 78  85  82  58 124 183 171 167 165 157 117 133 114 148 172 157 128 166 164 162 162 162 164 163 162 162 164 165 166 165 164 166 166 165 166 168 151 130 123 117 101  92 106 124 130 130 133 129 123 106 118 168 187 183 184 187 184 165 142 136 131  70  71  77 115 141 143 144 140 133 139 142 135 131 100 118 126 136 137 140 143 146 139 135 111  95 129 138 136 132 130 131 131 130 104 131 163 158 159 156 158 203 207 204 200 199 197 193 189 188 187 184 186 187 187 188 186 187 195 174 
 77  86  84  61  91 167 163 168 159 103  98 117 111 125 169 152 131 168 164 162 164 161 158 163 165 164 166 165 163 167 166 167 169 170 174 138 108 115 100  88 101 119 127 128 123 128 130 105 101 152 181 182 175 178 184 191 174 149 174 185 160  68  72  80 117 139 138 137 138 137 139 143 138 117 107 140 119 134 135 134 143 147 146 135 131 104  86 131 137 133 131 131 132 130 104 110 165 159 157 153 175 209 205 203 201 199 196 192 190 186 187 187 186 188 189 187 189 192 192 186 
 77  86  86  68  70 163 171 166 166 148 129 162 172 170 168 143 131 167 163 162 164 163 162 166 166 165 165 163 165 169 168 172 169 158 138  94  87  82  93 113 128 129 121 129 126 118  92 109 171 190 180 175 172 176 190 187 142 148 154 159 136  66  78  77 108 122 121 120 119 129 134 131 105  89 100 116 131 138 132 134 140 146 144 139 128 133  92  92 126 137 134 135 135 134 116 100 155 160 158 156 179 209 205 202 201 198 194 192 188 186 185 184 185 187 186 190 181 171 156 180 
 79  85  85  77  60 142 176 165 164 170 169 166 165 131 152 146 134 167 161 160 164 162 160 165 165 162 164 166 169 174 165 130 100  93  84  86 101 118 126 125 126 125 127 130 115  87 102 171 187 182 179 169 171 180 192 140 115 137 135 148 114  57  73  93 146 154 149 145 141 138 134 100  82 108 132 129 139 140 133 133 136 140 143 143 132 132 123  90  88 127 139 139 137 141 126 109 144 161 157 164 189 206 203 201 199 196 194 190 186 186 185 184 186 187 187 194 163 141 143 185 
 77  81  86  81  59 123 178 166 167 167 164 165 161 120 160 142 143 168 160 165 164 162 163 164 164 164 170 172 156 116  85  77  75  81  92 107 120 130 127 125 126 129 128 121  89 103 155 185 182 181 176 168 173 188 152 103 127 137 144 157 111  62  76  99 157 169 169 168 167 167 140 106 142 150 151 141 145 143 138 135 138 136 143 145 141 135 134 124 101  93 138 140 137 141 138 111 139 166 162 183 203 206 204 201 198 196 193 191 187 186 186 185 184 185 187 195 180 161 144 156 
 79  80  84  82  60 110 178 166 166 167 167 169 156 123 165 138 149 168 164 167 165 163 169 171 172 170 142  98  76  69  74  93 106 105 113 117 120 129 129 124 122 126 123  99  94 147 182 183 186 174 152 168 187 177 112 118 129 137 149 159 109  61  80  99 135 146 154 160 161 158 112 127 143 149 148 144 147 149 144 136 138 139 142 146 145 139 133 132 131 108 105 136 136 138 138 123 110 129 148 192 209 204 204 200 196 197 193 189 186 186 185 183 186 186 190 179 142 157 173 144 
 79  80  86  86  63  89 174 166 163 165 166 166 164 168 169 124 154 169 168 169 173 170 167 157 127  96  66  72  91 104 109 115 115 119 123 116 115 124 124 117 115 115  95  78 129 186 185 172 147 147 168 184 186 143 124 128 130 133 147 154  98  63  78 101 139 145 144 147 145 124 107 141 144 146 145 147 149 149 147 140 141 138 137 142 145 140 137 136 136 128  97 116 136 138 138 137 123  98 155 199 207 203 202 198 198 196 194 189 187 186 184 186 185 185 191 150 161 167 194 180 
 82  81  86  84  72  71 159 169 163 165 166 166 168 170 169 150 165 166 154 146 136 116  92  79  70  78  95 110 116 113 118 118 111 112 116 118 114 116 116 110 100  86  74 132 188 180 153 127 136 172 186 183 157 108 124 133 131 133 141 151  92  63  79 114 146 148 146 143 126  97 130 151 150 149 148 149 148 147 146 140 146 138 140 141 143 141 137 139 136 130 122 101 131 142 138 134 131 139 180 203 204 203 201 199 197 195 192 190 189 185 185 186 186 186 190 153 163 191 194 156 
108  98  87  84  81  60 135 175 168 172 171 168 166 164 151 140 126 112  93  81  79  75  80  94 108 113 116 116 118 115 110 110 108 107 111 118 112 108 102  99  77  89 150 196 183 135 128 157 183 190 180 131 111 126 134 131 126 123 143 154  86  67  81 120 150 148 145 130  97 105 144 149 147 147 146 148 150 146 144 137 140 139 141 140 142 141 135 138 138 128 128 113 128 149 137 138 131 157 196 208 205 202 201 199 197 195 192 191 187 187 183 184 186 185 189 191 133 171 198 179 
109 112 108  92  80  62 104 169 159 127 122 121 107  96  75  69  69  79  84  86  89  97 107 105 107 105 109 110 109 104 105 107 100 100 107 110 108  98  77  73 117 172 197 177 147 138 169 191 191 158 110 103 128 138 139 132 126 127 145 152  80  72  84 122 145 150 146 110 101 139 145 145 146 146 146 149 150 148 148 139 139 144 143 144 146 141 136 134 138 135 126 114 105 138 143 142 142 180 212 206 203 201 201 198 196 194 191 189 187 185 185 184 185 185 192 164 159 193 191 169 
109 111 115 110  91  60 104 175 107  63  75  74  65  72  82  89 100 101 103 108 104 105  96  71  72  73  73  75  75  66  68  73  70  73  89 100  91  88  96 142 189 189 160 126 141 184 191 177 130  96 119 139 141 139 140 136 132 129 136 130  74  71  87 127 143 144 134 119 124 143 143 148 149 148 147 148 148 149 150 143 142 142 140 146 149 144 137 135 138 141 130 126 105 112 133 137 149 196 208 203 203 202 198 197 196 193 190 188 187 185 185 184 184 184 190 157 159 139 172 147 
108 111 113 113 112  61  95 158 102  84  89  94  91  94  99  98  90  87  95 102 105  94  75 107 106 106  99 100 116 117 114 132 123 114 104  78  85 135 166 190 179 143 112 139 191 190 163 112 108 136 143 140 138 138 138 122 106 108 130 112  65  71  91 129 138 138 143 144 132 148 144 147 149 149 148 148 150 151 150 146 145 142 136 143 146 145 140 138 142 135 133 131 127 110 139 129 186 210 203 203 203 202 199 197 195 193 190 188 188 185 183 184 183 182 189 173 136 152 142 164 
101  98 111 114 115  75  61 113 119  95  90  77  75  75  82  82  84  89  84  79  80  69  72 163 184 175 171 164 171 178 178 173 164 155 151 138 146 141 127 158 178 138 168 186 161 110 104 118 139 139 138 138 136 124  99 100 129 156 184 163  68  70  92 139 141 135 135 116 120 157 155 147 147 147 146 146 147 149 150 148 151 147 136 141 146 146 141 139 142 139 135 136 139 114 135 174 201 216 207 203 203 201 198 196 193 191 189 188 186 183 183 185 184 183 185 191 183 159 150 146 
 94  93 112 115 108  77  59  89 132 122  96 120 120 120 141 144 153 165 161 147 118 122 153 130 155 172 166 165 167 169 167 156 148 158 157 158 161 145 125 125 174 176 136 111  96 109 129 130 135 138 138 134 114  96 113 165 185 186 197 160  68  75  75 114 123 118 124 123 118 123 151 146 146 146 145 147 147 147 147 148 149 151 144 144 141 144 145 140 138 140 136 137 140 139 112 148  90 133 210 209 213 212 210 204 198 191 188 188 185 184 183 186 185 186 184 188 185 136 164 168 
 89 101 111 115 102  75  66  83 132 145 122 141 184 183 181 184 182 182 183 182 188 163 149 140 162 171 168 166 169 167 163 151 147 154 164 162 163 129 115 130 138 116  87 108 122 130 133 128 133 135 119  92  91 134 183 185 182 181 192 148  63  77 115 134 118 106 103 105 126 106 111 134 156 149 147 148 145 149 148 147 145 152 149 147 146 137 142 141 133 138 140 140 136 138 136 134 119  80 171 186 122 144 164 179 186 196 201 193 183 186 193 196 193 195 196 189 186 180 186 195 
 92 107 114 116  97  74  69  74 139 152 148 117 153 180 182 171 179 179 186 177 164 135 153 183 175 172 172 170 170 168 161 151 149 152 160 165 168 143 114 133 112  82 119 126 123 129 137 125  95  98 113 138 168 182 178 182 165 144 147 106  63  80 143 178 165 152 145 127 110 116 136 111 135 155 150 150 146 147 149 147 148 141 152 147 152 149 139 139 135 134 141 140 137 128 153 150 156 121 142 142  73  88  74  70  88 102 122 158 195 196 164 120 103 112 144 190 196 188 186 194 
 92 110 113 116  88  73  71  64 137 154 150 150 141 133  90  84 103  97  95 136 165 153 109 139 179 176 174 173 173 170 166 152 144 157 165 166 168 159 131 126 116  83 109 107 102 100 105  98 111 157 181 188 181 176 176 178 147 139 161 112  62  85 144 172 171 172 171 177 174 149 148 134 120 155 151 152 152 151 148 146 150 145 150 149 150 152 146 138 138 136 137 138 140 140 121 106 153 129 141 124 127 146  90  76 124  98  44 134 207 114  61  77  94  83  63  81 172 197 189 185 
 96 111 114 114  97  84  73  60 118 163 137 143 151 137  99  84  95  96  73 151 192 143 101  95 160 174 167 168 168 168 161 147 152 160 160 159 162 160 147 121 103 102  96  99 113 120 131 150 176 167 164 165 166 168 162 162 176 192 201 125  64  87 130 155 161 169 173 175 180 183 139 129 118 151 151 148 151 149 148 146 153 152 144 151 156 148 154 150 140 143 146 144 146 165 128 110 160 130 151 114 137 147  77 101 135 116  74 177 118  52 113 133 135 127 122  78  69 182 207 129 
105 112 115 110 110 114  88  59  92 164 150 140 148 153 153 148  99  99 101 112 155 112  90 135 200 201 183 175 186 192 188 197 205 201 188 170 159 160 155 136 124 141 133 138 150 159 159 155 143 133 146 152 163 173 151 144 158 170 190 109  62 100 149 159 154 162 176 176 176 179 156 134 110 128 155 151 149 147 148 148 157 153 143 145 154 148 142 151 149 147 152 151 149 146 159 176 164 129 157 116 154 138  69 112 138 108  94 151  64 118 131 133 126 121 138 138  74 110 198 101 
111 113 115 106 108 115 109  70  74 161 163 151 143 147 155 160 139  90  95  97  95  90 158 215 209 207 208 207 208 209 210 209 208 208 210 210 166 152 158 148 128 141 140 135 134 129 121 113 118 135 137 131 148 153 156 161 152 149 147  85  66 111 160 170 172 171 172 173 180 176 169 143 120 112 149 153 151 151 145 149 163 152 144 150 152 153 107 126 156 149 150 153 144  85 126 181 143 145 153 128 168 123  69 133 136 102 118 109  98 140 133 113  77  73 114 146 130  85 159 107 
116 117 117 107 111 113 114  96  63 144 161 155 148 138 147 143 162 135  94  93  93 105 208 215 203 205 205 205 205 205 204 205 205 205 205 210 175 148 154 150 121 114 119 121 122 129 133 137 146 149 144 141 128 125 121 131 159 181 152  65  69 120 167 173 172 173 175 178 186 167 133 134 117 110 152 153 152 151 144 153 163 145 140 151 153 146 108  95 150 154 149 150 115 119 146 183 130 178 136 143 162  97  83 154 144  99 132  97 116 143 134  74 146 151  80 133 143  94 139  94 
118 121 116 103 116 114 111 107  73 123 165 151 156 150 144 144 150 164 159 123 103 118 153 198 208 205 205 205 204 205 205 204 204 205 206 209 168 150 154 135 120 147 145 148 151 153 151 149 152 155 156 155 141 143 141 130 122 131 155  79  69 112 145 153 161 164 160 162 183 150 109 116 104 137 158 154 155 151 152 158 151 142 142 146 150 134 100  80 120 157 156 136 104 178 192 157 122 198 119 160 162  75 108 161 145  95 157  92 124 153 128  77 195 202  82 125 145 101 109  99 
117 122 111 103 116 114 110 108  91 107 166 146 148 148 149 151 150 152 161 168 161 151 157 202 207 205 205 204 205 205 204 204 205 204 207 197 155 158 161 123 130 154 153 153 152 148 151 151 148 152 147 144 144 144 147 150 149 136 110  67  74  97 118 124 126 127 128 138 132 117 115 121 142 156 153 152 151 151 152 155 151 148 140 141 152 131 106 116  97 116 160 150 123 182 173 114 137 169 121 164 152 115 145 164 145  95 187 100 114 155 147  90  97 103  83 143 151  96 108 174 
117 121 106 108 117 114 112 106  98  99 159 138 142 152 153 154 151 156 149 150 149 144 198 212 203 204 205 206 205 205 205 204 204 205 209 194 158 163 124 124 153 151 150 149 152 150 149 163 167 170 167 159 150 144 141 145 150 158 116  65  73 111 153 155 153 148 160 147  88 111 142 139 136 146 153 153 151 150 153 158 152 147 137 138 147 120 123 165 157  97 127 180 132 114 115 169 201 133 106 173 167 174 170 173 106 107 207 136  75 152 155 153 110 111 144 143 145  83 176 159 
120 121 101 110 116 116 112 107 102  93 151 152 144 157 153 156 158 156 155 156 138 125 165 203 214 211 213 209 209 213 213 211 209 206 212 189 140 114 104 151 156 150 153 153 152 148 148 152 154 149 152 165 172 172 163 155 154 160 128  69  74  93 134 149 157 157 161 110  86 114 112 116 128 132 138 149 155 151 155 161 153 145 142 143 137 113 141 156 160 134 134 186 213 188 196 212 209 157  89 120 178 176 168 112  74 174 195 187  79  96 167 164 165 164 164 158 103  89 196 193 
124 115  96 111 116 118 115 109 105  93 138 166 151 159 157 158 160 161 159 163 166 161 132 135 172 172 147 138 146 157 175 182 181 186 183 145 105 106 147 161 156 150 143 138 134 129 131 134 138 139 143 154 163 152 159 172 180 184 134  63  80 107 135 131 135 159 142  94 112 102 103 106 114 122 121 127 143 151 158 166 154 145 145 144 138 115 137 151 152 166 143 139 215 215 207 200 206 181 160 110 105 109  95  98 169 196 183 194 172  74  87 146 164 159 148 101  68 168 202 184 
124 106  99 114 114 115 114 112 108  92 126 166 148 162 164 159 158 163 167 166 167 174 128 103 117 126 122 141 149 127 107 121 125 134 143 146 150 148 142 132 125 113 110 116 112 113 121 109 108 120 114 122 134 131 140 131 146 170 130  62  87 130 146 133 127 147 131 110 124 104 102 109 108 110 118 115 119 129 150 166 151 148 145 143 143 124 110 141 158 160 122 166 158 195 211 205 208 186 176 204 171 159 167 193 195 186 185 183 194 183 112  85  86  96  89  99 171 197 185 178 
126  97 104 114 116 115 115 112 108  97 113 156 150 159 160 165 165 163 163 161 162 168 166 165 165 169 175 175 174 164 130 136 148 140 137 127 117 116 111 123 131 133 147 151 155 158 156 153 146 144 146 137 102  84 123 148 148 145  98  64  96 130 118 134 143 146 146 123 112  96 101 109 111 107 108 113 119 116 120 150 151 151 147 142 142 147 126 106 144 144 181 228 191 152 172 192 199 163 173 204 200 200 198 192 188 186 185 184 183 188 201 146 123 162 172 193 194 185 186 187 
122  94 108 113 116 118 117 114 108 101 102 137 151 159 159 163 166 168 169 166 165 167 174 173 164 162 170 169 166 176 150 124 142 123  99 114 147 153 153 153 158 164 163 158 160 163 162 156 148 147 152 148 139 103  86 117 157 154  96  67  86 137 150 172 184 182 166 148 155 133 107 101 107 108 107 113 113 115 114 130 146 153 149 144 146 148 148 116 108 176 177  98 174 202 159 171 160 167 199 196 191 189 188 186 187 185 185 184 183 184 183 142 191 198 191 186 186 189 191 192 
109  95 111 113 115 114 115 113 109 104  95 120 156 157 159 161 165 168 171 170 169 167 169 169 168 169 169 169 164 179 169 116 132 101 125 149 154 153 151 152 156 162 159 159 159 162 166 155 147 154 147 122 128 122 110 109 139 151  87  73 107 143 178 178 177 178 177 180 185 189 168 128 108 105 102 111 114 111 108 121 141 150 152 148 146 148 145 139 144 181 104  88  76 101  81 143 211 203 197 198 200 202 199 195 188 182 184 184 183 186 184 129 157 182 182 183 180 174 167 159 
 96 101 115 115 115 115 114 114 111 107  95 121 162 154 159 161 163 167 170 170 169 167 168 170 170 169 170 169 165 175 168 112 137 118 118 163 139 145 146 150 156 162 161 162 162 160 162 150 145 151 146 154 129 129 118 130 144 149  83  70 106 131 160 179 181 176 175 181 183 182 185 180 158 132 121 111 110 104 108 114 131 139 146 151 146 146 141 136 184 142 125 139 109 128 118  74 181 205 208 199 164 142 146 171 199 195 183 183 189 194 196 184 147 147 152 153 148 142 147 164 
 91 106 114 115 115 116 114 115 112 106  96 111 158 155 155 158 166 168 165 167 168 171 171 168 169 170 171 170 169 170 169 115 137 132 114 123 120 150 150 151 157 161 163 159 152 138 141 158 166 167 150 156 164 141 129  99 143 149  79  73  94 138 157 159 173 186 176 158 163 170 178 184 185 164 154 145 123 108 107 107 112 125 138 146 146 146 144 138 155 121 133 135 154 155 155 104 145 223 169  97  85  90  82  72  98 174 198 184 167 154 151 155 159 147 143 149 161 186 199 181 
 91 111 112 114 117 115 117 115 111 106  98  99 149 155 154 157 130 129 170 169 160 167 172 168 168 170 171 171 169 169 165 128 127 111 126 138 141 148 152 153 159 162 147 140 144 172 193 207 210 212 163 137 170 158 128  94 114 116  70  82  97 143 162 160 150 173 187 172 162 153 141 147 163 180 187 178 162 154 158 123  98 113 133 145 147 150 152 107  90 144 112 143 137 131 145 106 163 172  70 104 134 145 134 120  76  62 172 204 110  61  79  77  68  73  74  68  84 195 178  77 
 95 118 115 114 114 113 116 115 110 108 103  93 138 158 155 153 116 111 118 168 183 168 170 173 169 170 170 170 168 171 162 132 107 113 162 150 149 151 157 154 146 138 159 190 200 212 210 208 207 207 186 177 175 163 131 116 130 120  71  69 107 167 156 155 166 147 164 180 186 180 161 143 133 140 159 178 186 185 191 183 136  98 114 134 143 153 135  90 117 141 120 169 103 128 160 118 161  83 116 152 147 146 146 137 137  76  83 200 109  86 129 125  66  88 117  98  84 188 111  82 
102 117 116 115 114 115 115 114 113 109 106  93 123 159 153 153 135 138 122 111 157 191 181 175 172 173 176 173 170 174 163 122 126  97 118 142 147 139 140 138 133 181 213 212 209 206 206 205 205 206 210 217 187 156 150 127 134 127  73  78 134 165 154 128 154 155 121 137 168 182 184 184 177 164 148 144 159 175 184 188 191 155 105 106 143 153 107  97 144 135 145 158 107 164 150 124 130 101 155 155 117  80  93 137 144 130  69 161 125  90 136 137  70  89 129 110  90 162  89 128 
108 114 114 117 118 117 115 114 112 110 105  94 111 158 152 153 149 134 138 131 113 133 157 165 175 177 173 172 172 173 172 132 133 128 103 102 140 184 179 174 187 213 207 205 206 205 206 205 206 206 206 212 192 148 149 137 130 107  71 103 146 163 148 126 129 138 122 109 122 148 172 181 181 185 186 175 168 162 165 186 190 196 172 113 118 124 143 146 157 126 163 130 136 184 127 140 118 136 159 129  86 152  94 103 154 147  87 131 128  90 139 134  75  92 135 118  95 149  99 136 
113 114 115 115 117 118 119 115 113 110 106  98 102 151 152 153 153 140 129 132 144 137 125 130 149 167 175 173 173 173 172 155 118 132 141 110 162 218 210 211 210 204 204 206 206 205 205 205 206 206 206 210 191 160 156 148 113  86  72 105 145 142 132 141 124 129 123  95 102 110 123 142 158 168 179 184 185 182 177 185 187 187 192 179 120 142 197 146 146 123 166 115 163 174 111 163 112 145 165  99 130 236 151  83 151 155  93 123 130  95 147 136  77  88 138 123  96 160  97 130 
116 115 114 115 118 116 119 121 118 106 106  98  94 142 156 149 156 159 151 135 131 147 154 135 123 122 145 176 167 129 123 158 143 108 101 142 213 210 203 204 205 205 205 205 205 206 206 205 206 206 206 211 187 168 172 128 113  95  66  85 117 132 142 147 129 120 138 100  95 104 103 107 124 147 152 162 175 185 191 193 185 187 189 196 167 203 164 145 136 155 167 122 180 141 121 192 108 153 165 132  90 145  90 127 163 157  90 139 138  93 151 149  84  87 140 130  88 174 120 107 
115 115 115 116 116 117 116 118 115 132 108 125 103 122 157 147 152 159 159 160 147 124 137 154 150 131 117 129 126 126 116 162 191 129  81 142 198 207 206 204 205 206 206 205 206 206 206 207 207 207 207 209 188 162 112 105 132  92  65  89 124 133 139 141 133 109 148 137 108 103 107 106 103 108 117 124 133 143 155 172 177 182 180 155 174 219 135  87  87 134 129 146 197 121 153 212 100 139 161 157 122  95 120 165 161 150  76 175 140  93 152 157  87  88 150 142  89 162 147  74 
115 116 117 114 114 117 116 117 106 170 132 138 119 104 154 148 150 156 160 163 162 159 142 128 148 152 149 146 143 155 130 121 167 131 109 116 128 158 201 208 204 205 205 206 206 207 206 206 206 206 205 216 187 109  88 114 119  87  73 105 125 120 134 140 118 128 166 175 162 137 102  99 106 107 112 116 130 138 137 132 146 148 135 131 190 211 202 178 153 120  88 103 124 107 191 214 136  85 171 162 162 167 160 159 166  86 108 206 139  94 159 151 121 121 150 149  91 158 107  86 
115 115 116 114 117 118 115 117 108 135 152 130 129  93 145 149 147 153 161 164 165 166 164 141 129 136 150 154 147 149 148 128 118 127 139 155 141 134 201 207 204 204 205 205 206 207 206 208 207 210 216 214 126  81 109 118 147 103  67 107 123 130 159 150 119 146 157 177 180 176 152 110 102 113 116 117 127 138 149 156 153 152 153 172 205 204 206 209 214 208 194 161 110 138 205 199 199  94  91 157 169 168 162 141  79  90 187 198 163  73 149 163 156 153 156 141  81 180 117 122 
115 115 115 114 115 117 116 118 116 118 163 136 136  88 136 153 149 153 159 165 167 164 164 165 153 132 126 150 149 148 147 147 145 146 149 152 139 191 214 208 208 208 208 208 210 211 214 212 208 204 182 117  88 107 124 185 186 100  75 125 145 160 169 137 130 142 148 172 180 174 183 174 138 119 122 129 130 124 131 142 160 158 156 186 207 204 202 201 203 203 206 210 207 201 198 193 201 192 113  90 104 104  97  85 124 190 191 184 193 100  77 154 164 165 151  73 107 205 126 119 
116 115 112 113 115 116 119 117 116 104 167 161 143  83 116 155 147 154 163 169 168 166 164 163 166 173 137 114 141 155 147 146 147 148 157 131 127 182 199 201 200 198 200 199 179 161 151 140 129 113  97  94 118 117 113 147 154  95  97 155 163 162 141 130 149 141 150 160 177 168 146 165 180 164 140 119 132 138 130 122 137 154 168 199 205 203 203 202 202 201 198 196 199 199 198 195 191 198 203 177 150 145 154 178 198 187 181 183 189 185 106  83  97 102  82  97 181 201 142  77 
116 114 114 114 115 117 119 115 114 104 136 199 176 123 153 148 139 155 163 165 167 167 165 164 167 172 175 137 110 145 154 149 151 154 155 132 113 102 123 129 134 142 147 151 130  91  86 101 102  98 107 117 119 115 118 120 100  76  85 113 148 136 111 159 156 135 148 154 176 180 158 131 140 173 180 147 121 124 138 137 127 142 181 204 205 202 204 203 202 200 199 198 197 197 194 194 193 191 192 197 198 198 196 192 185 183 183 182 180 188 193 165 144 143 162 193 189 185 182 140 
116 116 115 114 116 117 118 117 116 114  98 171 206 200 185 140 141 147 161 165 166 166 166 168 168 167 171 178 130 119 155 155 154 154 154 155 150 141 140 139 145 152 153 151 152 120  86 115 119 116 116 112 108 105 110 126 109  74  80 104 106 104 144 172 148 139 148 152 173 180 182 174 144 132 156 177 169 136 122 137 135 148 193 207 203 202 203 203 199 200 199 199 198 197 194 193 194 191 189 189 188 186 185 183 185 184 183 182 181 181 182 187 193 192 188 183 182 182 186 194 
116 115 115 114 115 117 117 116 117 116 102 133 207 197  96 121 145 144 159 166 167 163 165 169 168 171 169 173 171 128 139 157 155 157 158 157 158 160 158 154 160 164 162 159 165 168 112  87 100 102 102 100 104 134 139 108 103  76  89 117 102 128 179 167 139 144 149 151 169 182 178 180 185 171 144 146 176 177 148 125 133 175 200 206 204 203 202 202 201 201 197 198 198 197 195 194 192 190 189 188 188 187 185 184 184 183 182 183 182 181 181 181 179 181 181 180 182 183 184 183 
115 114 114 114 112 113 117 117 115 115 109 117 201 191  66 105 150 151 159 165 165 164 167 170 170 172 171 170 175 167 145 151 154 156 156 156 158 145 125 142 159 164 165 163 163 162 171 115 106 126 118 139 172 180 185 172 118  68  81 109 171 176 181 162 141 149 151 149 159 182 179 176 182 185 184 166 142 164 182 158 145 191 207 203 203 202 201 200 201 200 199 197 195 194 195 193 189 192 189 187 188 187 184 185 184 183 184 182 182 181 181 181 179 181 181 182 183 184 185 185 
114 113 113 113 111 111 115 114 116 116 112 108 186 210  87  88 159 149 158 164 165 166 169 171 172 174 172 169 172 167 146 149 154 155 153 154 157 142 124 150 145 151 148 142 134 133 159 168 166 163 157 147 144 162 176 148 113  70  76 122 129 121 160 156 160 156 148 143 159 184 176 169 182 187 184 186 171 143 152 185 149 131 210 206 203 202 202 201 202 201 199 196 195 193 194 192 191 189 188 187 188 186 184 183 184 184 184 182 181 181 182 182 182 183 182 183 183 183 184 185 
114 113 113 111 113 118 116 115 116 117 114 104 180 206  79  74 149 153 156 163 166 170 169 171 173 173 171 170 171 146 142 152 154 153 153 156 152 140 173 214 192 169 158 160 158 167 173 173 190 192 188 183 161 131 114 103  96  89 101 132 117 114 129 162 177 164 142 141 166 185 155 150 167 185 186 181 183 178 149 151 171 113 164 212 204 211 206 202 201 200 200 198 195 195 194 192 191 189 188 187 186 186 185 184 184 183 181 182 182 180 181 181 181 183 182 182 185 184 186 186 
109 109 110 112 116 116 115 115 115 113 116 106 145 162  59  77 102 120 138 157 169 172 170 173 175 173 171 176 153 132 151 152 152 152 154 155 152 132 178 205 182 174 178 181 180 182 181 174 185 193 189 189 194 182 142 103  88  85 120 139 113 118 125 168 188 170 134 139 171 187 152 142 132 128 157 179 180 183 186 159 184 178 142 209 201 184 204 212 210 205 202 199 198 196 195 196 197 197 196 193 192 189 187 184 182 182 181 181 182 181 182 179 180 181 182 183 184 185 185 185 
139 134 122 113 108 107 110 113 115 113 115 115  79 112 103  65  91  86  89 113 158 175 178 176 175 172 173 177 137 142 156 145 148 153 154 156 135 129 168 177 171 178 177 178 177 183 181 178 187 191 186 183 188 187 156 135  80  65 138 137 113 117 125 154 190 149 121 118 171 182 129 129 133 119 114 149 178 183 187 166 179 178 157 218 167 102 114 138 162 159 154 153 148 145 147 149 149 153 159 166 171 181 188 190 189 189 185 183 181 181 182 180 181 182 183 182 182 183 185 185 
162 169 165 159 145 129 117 110 110 112 111 108 115  86  93  65  90  86  69  76  94 127 148 161 176 178 181 148 102 115 126 125 144 156 157 152 133 158 204 182 176 180 181 179 182 185 183 186 191 190 189 188 190 188 146 138  88  67 145 126 111 115 122 149 170 125 135 121 149 184 128 123 127 129 125 119 140 168 167 158 183 164 169 213 143 172 162 111 105 183 184 183 183 190 187 178 173 172 158 148 138 134 135 143 157 171 185 193 190 186 182 180 181 183 182 181 181 183 183 184 
152 166 165 166 167 167 162 151 137 129 127 141 173 118  46  59  82 112  75  77  78  72  83  99 108 137 136  88  93  95  87  92 100 108 119 130 155 172 165 190 185 179 180 179 182 178 176 188 195 195 191 188 190 187 165 140  74  75 142 115 109 115 121 137 127 122 144 128 133 190 141 136 136 122 133 132 121 157 136 105 176 156 172 153 129 190 194 143 157 214 200 201 214 180 131 115 125 158 203 200 190 183 177 173 156 133 125 134 161 184 191 189 184 186 188 190 192 193 194 190 
150 165 160 161 161 162 164 169 170 167 168 168 167 152  94 100 114 131 105  76  80  77  73  71  72  72  71  81  95  96  92  97  97  94  92 105 128 139 122 168 189 175 175 181 183 185 190 199 203 201 194 191 190 187 169 151  69  98 141 112 106 113 121 130 124 137 148 132 140 190 152 132 133 121 129 142 144 133 137 149 173 133 171 154 143 179 171 122 185 204 199 207 138  89 112 126 124  85 102 179 190 196 196 158 118 102  92  68  67  88 128 161 176 177 166 153 146 136 132 164 
150 164 162 160 162 163 163 164 164 166 164 162 158 162 165 163 150 133 128 107  82  75  78  74  79  80  83  87  92  93  92 105 112  98  96 116 123 109 157 201 180 184 193 201 205 207 210 208 207 207 203 194 190 193 176 145  78 124 131 111 106 109 117 126 142 145 143 124 151 189 145 109 125 127 129 141 146 124 145 170 152 125 207 142 158 177 155 131 204 200 207 137  90 166 179 177 184 168  83 160 208 174  95  84 119 141 152 150 128  89  67 113 143  89  81  95  94  99  84  88 
151 164 166 164 164 165 165 165 165 165 162 160 165 159 161 155 149 135 132 136 120  72  76  85  75  73  81  90  97 101  91 105 165 158  95 102  97 109 179 206 202 206 207 205 206 205 205 206 206 205 206 205 191 192 188 136  83 137 124 108 104 110 117 125 137 143 138 126 158 186 141 107 123 127 138 144 141 127 147 160 139 160 182 123 160 171 129 154 209 205 180  89 158 175 160 156 163 154  91 185 177  72 105 164 168 169 166 165 168 168 131  68 139 159  78 149 163 167 161  80 
153 162 164 165 165 167 167 166 166 166 165 164 161 161 159 156 151 138 132 140 148 118  66  74  81  76  70  73  82  94  85  95 175 191 174 139 123 132 111 167 213 204 205 205 205 205 205 205 206 207 205 208 197 186 193 125  89 139 116 107 103 111 119 127 133 144 130 127 174 188 146 109 118 119 138 154 135  98 147 145 153 198 120 133 161 154 114 182 204 207 135 120 170 157 156 160 172 136  78 112  82 117 167 157 150 151 153 151 149 154 170 131  61 173 124  99 157 150 161 126 
152 159 162 163 163 165 165 166 165 166 165 164 160 158 158 155 155 144 128 134 150 167 124  63  69  79  76  73  78  81  82  87 173 174 120 113 117 128 138 172 208 205 205 205 205 206 206 205 206 207 206 208 200 189 194 130 119 140 113 107 104 109 116 125 128 120 102 131 183 184 164 146 122 122 119 137 128 130 145 126 195 226 133 141 150 138 121 208 210 201 109 139 165 150 153 131 125 113 136 115  92 162 151 147 151 153 146 153 149 144 148 164 109  96 179  78 137 153 149 151 
156 161 160 160 163 162 161 163 164 164 163 163 161 159 159 158 155 148 132 130 146 159 170 135  79  73  81  82  84  85  96  94 112 102  88 106  91  97 197 216 204 204 205 205 206 206 206 206 207 205 206 208 199 193 195 141 139 135 114 109 106 110 115 126 127  94  99 155 185 166 166 163 127 123 120 126 127 141 134 133 169 167 117 137 147 120 113 158 174 186 109 145 153 150 146  89  81  74 149  95 131 151 145 150 145 101  92  99 132 152 143 148 150  82 164 129  92 148 139 151 
192 196 190 169 161 165 161 164 163 165 165 164 162 160 160 160 151 149 135 128 144 156 161 174 148  90  77  77  76  86 105 110  98 100 111 112 108  92 144 211 207 204 205 205 206 206 206 206 207 206 206 208 194 188 189 151 136 131 115 111 114 119 122 131 132 128 154 184 177 139 164 177 142 126 129 129 127 129 118 151  98  84 122 143 136 103 179 190 161 107  86 144 144 142 133  89 152 129 133  87 140 139 139 150  89  87 117  65  64 135 144 139 152  99 127 191  88 113 140 139 
196 198 203 201 174 162 164 166 164 164 164 164 161 160 160 156 151 150 137 129 142 153 161 165 177 145  82  84  80  91 106 108 109 111 110 109 113 116  80 160 214 205 205 206 205 206 207 206 207 206 205 207 194 192 187 157 144 134 114 100  92  87  78  60 124 191 177 160 151 148 150 178 167 140 130 109 122 100 136 152 121 132 121 123 131  92 105 145 190 119  82 116 137 129 137  96 141 213 130  89 134 131 135 123  89  72  68  88  61  93 138 135 144 114 115 194  91 102 131 129 
194 197 198 201 197 164 159 161 160 165 165 164 161 161 158 154 151 150 143 128 134 147 159 161 165 165 138 155 160 135  94  99 107 108 110 110 113  99 105 188 211 205 205 206 207 207 207 206 205 204 206 213 210 187 147 141 118  82  54  45  41  48  60  46  95 167 145 135 153 170 148 163 184 161 134  87  89 135 202 131 122 126 123 122 124 118  95  84 158 117  95 107 131 127 132 102 134 210 125  87 129 123 130 100 118 131  46  88  71  86 134 127 136 114  95 119  88 125 123 125 
197 198 197 198 201 189 187 189 174 160 163 164 162 162 160 156 154 151 148 131 129 144 155 160 165 158 156 181 183 182 143  88  97 108 111 115  97  99 193 217 205 209 212 213 213 214 212 211 213 215 210 198 158 130 129  99  55  51  49  49  57  61  67  72 103 116 134 141 147 162 168 149 186 169 139 111 175 224 180 106 126 125 131 124 118 127 109 124 159  76  91 126 131 126 123  88 145 207 138  82 118 115 123 115  84 159  74  57  64 101 125 119 131 104 104 101  97 125 118 123 
198 199 200 199 200 201 202 205 205 178 160 161 160 161 161 158 155 152 150 134 126 142 156 166 161 149 162 179 175 179 186 163 108  97 111 114 102 110 158 198 198 182 163 151 144 134 154 191 179 161 144 129 124 148 136 109  68  62  58  57  58  65  69  83 115 109 133 147 147 149 178 154 171 161 119 150 220 215 131  79 115 121 126 126 117 120  98 158 137  95 117 113 120 118 115  89 172 203 162  78 110 106 109 119 100  77  80  58  87 113 113 114 125  89 138 118  96 119 114 116 
200 200 200 200 199 200 201 201 203 202 171 162 163 162 160 158 155 152 151 140 124 137 155 160 146 155 179 179 177 177 180 188 174 116 109 126 134 129 104 135 126 113 107 115 119 112 121 131 122 118 134 140 152 158 125 110  59  67  61  57  54  60  60 113 144 106 139 150 153 151 176 180 155 135 125 207 207 204 183 156 137 113  94  98 111 109  93 181 115  98 115 106 102 114  88 109 199 192 190  91  86 110 110 105 107  93  97 101 110 115 114 115 108  78 177 128  87 114 114 110 
199 200 198 198 198 201 203 202 201 205 186 161 164 162 160 158 156 154 150 142 115 132 143 151 157 161 157 156 156 153 154 145 128 115 114 130 138 136 107 122 141 148 150 152 152 153 156 151 153 153 155 150 152 163 100  81  54  64  57  53  55  59  54 140 144 126 154 147 163 151 164 193 151 112 178 214 202 201 209 213 208 200 177 147 120  91  85 102  99 107 111 112 114  96  79 173 195 184 196 152  66 100 107 100  94  98 109 103  98 106 105 115  70 111 204 153  74 114 117 112 
199 200 199 199 200 201 201 202 202 204 193 161 162 162 161 159 156 154 151 149 101  90 109 127 131 120 128 128 120 114 113 118 112 120 131 134 136 145 148 154 156 155 155 152 153 155 154 155 155 154 152 149 153 165 129  70  50  48  58  53  63  63  52 127 123 156 170 155 173 159 155 178 121 148 216 203 200 201 200 200 201 204 207 210 208 119  78  85  97 100 102 104  82  85 165 200 185 186 186 196 113  64 102 101  96  96 102 104  97 101 102  79  83 187 191 188 106  74 108 108 
200 200 201 201 201 200 199 200 201 206 185 160 165 162 161 158 157 153 150 152 118  85  99 101 106 130 127 128 132 132 134 135 129 128 131 135 137 149 151 150 152 154 155 152 151 151 153 154 153 155 153 152 162 151 136  92  77  46  46  62  55  60  47  88 141 176 161 160 173 168 156 137 125 207 206 201 201 203 201 202 201 198 197 196 210 167  83  95  93  90  89  85 129 184 201 186 187 186 184 189 195 119  63  74  89  96 100  98  92  83  67  94 180 182 170 190 187 102  70  86 
199 201 200 201 200 198 199 199 201 191 165 162 161 161 159 158 158 155 150 151 129  99 111  99 102 138 136 133 137 139 144 142 129 128 133 132 144 145 147 152 149 153 151 151 151 147 152 151 150 154 155 151 154 159 154  94  94  89  44  58  48  56  58  89 169 145 146 168 168 175 156 115 188 210 199 202 202 201 202 203 201 198 197 196 198 200 108  89  93  92  83  99 200 201 187 186 187 186 186 183 188 196 155 101  78  73  80  77  78  94 140 195 199 133 126 183 191 194 147 118 
199 200 199 198 200 200 200 200 204 181 157 163 160 160 159 160 159 153 151 150 135  88 111  96  97 133 138 138 139 137 133 126 119 128 127 123 124 114 115 134 135 114 124 127 140 150 155 151 148 154 155 154 150 187 203  96  70 107  51  45  59  50  53 102 156 156 148 165 171 178 135 163 215 201 202 203 200 200 203 201 201 198 198 197 195 207 154  81  88  85  80  98 187 192 188 186 187 185 184 183 183 182 193 190 176 134 102 158 171 186 195 162 142 147 151 145 129 178 197 190 
199 199 200 202 202 201 200 199 203 201 165 158 162 162 160 160 158 155 151 149 146 114 106  90  94 125 136 137 141 136 100  98 101 103  88  87  95 100  97 107 111 120 151 152 117 115 137 156 158 156 151 151 160 192 193 142  55  72  58  41  57  65  51  81 161 187 147 159 176 158 153 209 205 202 202 202 200 200 201 201 201 198 197 197 196 203 194  99  81  83  81  92 183 194 187 187 188 187 186 184 185 183 179 181 200 140 145 200 187 186 179 130 147 113 141 118 162 150 186 181 
200 199 201 204 202 203 202 200 199 204 177 155 161 161 161 160 158 154 153 190 174 114  96  86  91 108 130 143 144 140 102 138 158 142 136 145 161 165 166 166 170 179 173 168 154 155 137 114 136 157 156 150 151 190 200 131  57  66  74  60  47  58  55  74 166 188 159 158 170 163 200 206 202 202 201 204 201 201 202 201 199 198 198 195 197 196 208 138  74  88  82  87 179 196 186 187 187 185 184 183 183 183 182 185 181 111 174 186 179 180 185 155 159 163 156 164 164 166 190 180 
200 200 202 203 203 203 201 202 200 205 185 157 159 159 159 159 158 152 162 207 148  97  95  87  92 104 104 122 150 146 101 110 159 162 162 167 169 170 174 175 176 173 148 149 158 161 158 138 105 123 157 154 139 193 144  57  67  71  73  75  55  56  52  88 169 177 170 155 166 198 207 200 201 206 206 196 200 202 200 201 198 197 197 196 198 194 203 182  85  85  86  82 170 198 188 187 189 194 185 182 182 185 183 194 141 125 191 179 181 180 185 174 108 163 193 187 119 145 179 185 
200 201 202 201 201 202 202 201 201 206 180 156 158 159 160 161 158 150 164 179 109  99  92  88  87 108 157 113 117 149 116 115 163 162 166 164 165 170 175 180 179 167 139 139 144 146 134 148 145 113 115 150 157  96  52  76  72  69  75  74  73  58  45  74 167 178 174 151 180 207 202 201 204 198 190 163 196 204 200 200 198 198 198 196 194 195 195 205 124  77  87  77 158 198 185 188 192 159 191 184 181 183 186 181 112 173 187 181 180 184 176 134 159 176 183 180 170 156 142 185 
199 200 201 201 201 200 203 206 206 191 158 157 157 159 161 162 158 158 185 136 103 102  91  85  88  92 160 171 117 129 139 137 193 166 169 166 166 168 174 177 174 167 152 140 139 141 132 139 141 140 120 178 163  83  58  53  53  59  68  69  65  53  41  46 153 173 172 152 196 205 201 203 206 174 158 176 190 203 200 199 200 199 198 195 195 194 193 203 172  82  84  75 142 199 185 205 143  55 151 204 188 182 194 141 135 193 182 182 181 185 174 130 170 170 182 185 176 159 141 183 
201 201 200 200 199 202 187 178 175 157 154 157 157 159 159 161 154 166 171 110 104  95  88  85  91  88 142 186 151 135 159 144 151 176 174 170 173 176 178 178 174 175 166 157 152 145 148 148 155 163 165 184  86  87 122  95  65  49  44  48  58  50  35  44 151 175 164 169 206 201 201 203 204 180 159 152 168 204 200 200 200 199 197 195 196 195 192 199 178  86  83  75 122 198 199 162  62  86  90 153 182 191 174 107 180 186 181 180 181 182 184 168 132 124 192 193 152 117 184 184 
200 201 199 198 200 207 172 148 152 153 155 154 154 157 159 158 157 163 124 108 105  93  85  85  90  89 116 152 125 151 145 114 110 159 183 173 170 174 172 171 166 165 160 146 137 117 116 123 122 124 132 130 132  92  71  92 103 106 101 105 100  52 100 105 159 170 164 192 205 202 202 204 172 179 193 173 180 203 198 199 198 197 197 196 193 194 192 202 172  81  85  82 100 194 209 139  94 103  79  85  77 142 126  63 164 190 178 182 182 180 180 192 156 166 161 151 160 154 167 185 
165 191 204 204 203 189 159 152 151 151 151 151 154 158 158 155 191 161  97 106 100  92  87  86  89  92  97 113 128 126 103 121 140 148 147 145 136 127 124 123 122 120 111  93  82  78  76  73  75  68  90 130 140 139 119  84  63  67  74  71  51  83 130 124 157 165 168 206 203 204 204 192 169 192 202 171 197 202 198 198 197 197 196 194 194 193 192 201 167  80  83  84  79 109 118 140 154 139  94  68  94 128  77  67 110 194 183 181 181 178 180 184 147 161 114 147 121 154 136 186 
155 164 178 184 175 162 152 150 148 148 147 148 152 155 153 170 194 119 106 105  99  91  85  86  89  91  95  89  88  84  80 104 100  96  99  99  96  92  92  89  87  87  84  80  80  82  80  80  78  79 121 141 132 127 124 122 115 105  98  96 104 119 116 113 149 180 192 206 202 201 204 174 186 214 181 157 204 200 200 200 198 197 196 196 193 194 192 199 166  84  76  60  71  69  58  66  93  88 114  77 138  87  74  84  72 161 191 180 180 179 181 185 161 123 142 158 151 138 162 185 
164 162 160 158 158 153 149 148 147 147 146 147 150 151 151 178 147 108 111 102  96  90  86  85  89  92  96  85  72  72  66  53  56  59  69  75  75  79  80  80  81  83  84  86  86  86  86  87  79  94 140 137 131 125 119 122 120 124 127 124 122 126 126 122 149 198 205 202 202 202 208 180 172 208 203 173 193 203 199 198 197 198 196 195 194 192 189 209 160  83  79  61  68  60  65  81  85  78 145 157  78  76  82  82  70 106 192 181 180 180 181 181 182 182 174 124 147 191 186 180 
161 163 161 161 161 152 147 143 140 140 140 141 144 146 156 154 118 112 106  94  90  86  85  84  87  92  97  87  67  67  64  63  63  63  71  77  75  74  80  80  79  81  85  89  93  95  94  97  95 123 140 132 130 124 129  95  74  74  84  88  93  90  92  89 113 199 207 200 203 204 199 181 203 192 150 180 203 199 199 196 197 197 197 196 194 193 200 176  90  84  89  86  51  65 110  98  86  65  92 121 120  71  82  84  80  72 163 189 180 181 181 181 182 182 182 153 169 185 181 180 
161 160 161 159 157 148 142 146 153 156 158 157 153 149 155 129 113 110 101  84  80  86  85  85  87  92  97  91  72  66  57  57  59  52  54  66  73  73  73  78  84  84  86  92  92  96  95  84  93 138 136 132 127 132  85  59  62  39  50  47  33  49  59  47  76 202 209 201 202 205 191 166 165 178 184 204 201 199 201 199 198 195 195 195 191 206 208  99  50  76  92  82 103 128  84 101 104  79  49 140 213 127  65  83  84  69 112 194 180 179 183 182 181 180 180 189 186 182 181 182 
166 164 166 164 163 171 188 197 200 198 195 190 184 185 155 112 111 106  99  96  92  87  85  85  88  94  94  96  81  77  84  62  48  60  65  71  77  80  87  90  81  85  92  92  86  69  67  55  95 147 134 130 132 115  61  82  66  68  37  84  93  76  78  45  89 199 208 201 201 206 189 167 162 169 195 206 201 201 200 201 197 195 195 194 202 167 118  69  88  87  70 100 174 165 153 147  73  94 106 159 194 197 121  62  83  84  77 164 190 180 180 181 183 183 181 183 182 182 182 183 
165 164 162 171 170 167 166 154 152 152 155 158 170 183 133 112 108 101  99  98  94  87  85  86  88  93  93  92 148 164 190 167 142 183 193 178 168 170 176 184 170 171 171 159 160 141 156 166 149 136 132 128 132  94  69  70  60  85  43  87 109  75  52  61  87 194 209 201 202 203 203 175 168 166 199 203 201 200 199 199 195 195 196 201 187  83  87  86 117  96  66  92 111  78 116  95 142 196 196 188 181 184 195 123  66  84  72 127 195 183 183 180 180 180 180 179 179 178 179 178 
 83  83  83  85  83  78  73  80  84 112 149 168 192 153 112 112 104 103 100  95  93  87  86  86  88  92  95  83 158 221 205 209 208 208 208 205 207 208 209 202 202 199 178 176 179 176 187 209 153 133 134 131 135  65  41  56  55  97 117 112  53  20  47  80  67 190 218 202 202 203 199 165 198 204 202 200 200 200 199 197 197 195 194 202 186  78  80  75  82  95  96  63  77  93 116 142 186 188 184 184 183 182 188 197 120  69  60 134 191 177 176 176 174 175 175 177 187 189 196 191 
 85  98 101 104 122 132 124 139 157 169 197 212 198 121 111 108 103  99  88  95  90  86  86  86  86  91  94  87 120 197 192 195 190 190 186 185 189 189 190 190 190 186 168 162 165 162 171 168 134 139 137 138  83  65  96 105 108 108 114 114  65  38  86  62  52 186 228 211 206 202 201 205 203 204 200 199 200 201 199 197 196 196 196 195 200 164 125 146  91  69  75 111 173 188 192 196 186 183 182 181 184 181 176 181 192 147 129 183 186 180 190 196 206 192 157 179 195 180 154 139 
162 154 153 166 182 181 163 163 161 156 181 200 141 107 114 107 103  98  91  92  88  86  85  85  87  91  95  92  98 182 192 188 187 185 181 184 183 180 181 184 181 181 165 150 155 153 160 135 134 140 140 111  68 112 117 109  98 100  81  56  94 114 114  62  43 167 238 221 219 213 208 203 200 199 200 200 199 199 197 195 197 196 196 193 194 202 205 206 186 160 163 194 198 192 188 185 185 183 182 185 189 191 195 200 209 219 222 212 208 210 208 202 183 142  89 101 125 136 131 146 
172 162 162 168 180 180 166 158 162 162 182 170 114 113  97 103  96  91  97  90  87  87  85  85  86  89  97  96  86 154 193 175 178 184 189 181 174 180 175 176 176 178 167 147 145 143 152 119 140 138 135  86  99 104  76  97  55  33  33  14  71 114 111  80  59 124 212 222 227 223 218 215 209 204 200 198 197 197 195 195 196 195 195 194 194 193 192 189 194 201 200 193 188 185 186 190 193 195 200 196 192 186 176 172 160 141 136 147 135 124 113 108 121 112 105 115 154 161 163 158 
165 151 148 160 174 180 160 147 149 156 173 133 113 111  95 103  90  88  92  90  86  82  86  89  88  85  91  97  83 132 179 165 175 182 181 182 184 180 172 177 178 181 179 153 148 154 136 113 141 133 122  85 114  90  19  40  38  19  19  32  97  71  33  66  76  90 128 165 198 220 225 223 223 223 221 213 207 200 197 194 193 192 192 195 195 193 192 190 191 187 186 189 191 193 201 186 180 178 165 139 119 114 118 114 109 101 107  93 107 119 136 133 149 144 113 128 147 154 153 160 
177 154 141 147 163 174 166 161 156 160 155 117 113 109 107 102 101  97  90  89  86  81  84  86  87  88  91  95  85 118 183 175 177 179 182 183 175 177 182 178 182 183 182 161 152 161 121 114 141 136 119  86 117 107  76  81  94  83  52  89 121  65  38  56  69  98 115 101 121 150 182 207 218 219 227 228 227 223 219 212 206 200 197 195 197 194 191 192 193 192 196 186 181 180 151 125 137 166 165 164 170 178 175 173 169 164 176 166 151 163 158 163 162 167 111 112 150 138 110  85 
