COL=120
ROW=100
 92  96 139 153 132 119 110 126 138 139 146 158 148 141 158 154 154 155 156 156 159 160 160 163 160 161 168 145 112 109 130 120 148 170 130 146 168 166 164 160 165 165 167 170 169 169 169 170 169 163 162 161 155 131 106  95 107 121  79  66  79  69 113 127 133 131 130 116 116 147 155 137 101 113 134 132 132 133 133 133 132 130 133 132 127 137 139 145 136 120 125 131 129 137 140 140 142 141 143 147 141 136 140 137 111 174 210 200 189 182 186 181 180 182 185 187 183  96  68  71 
109 127 128 122 129 142 152 159 155 157 156 163 127 132 162 158 160 159 161 161 160 162 163 163 163 162 165 159 140 143 164 166 166 163 127 151 167 163 163 165 162 163 164 167 166 166 164 165 165 163 150 131 113  92 102 119 143 155  92  63  74  88 129 136 144 140 136 131 105 112 165 162 113  98 123 136 133 131 131 133 133 132 132 134 124 126 149 160 164 162 149 142 132 123 133 143 142 142 146 145 144 142 143 128 117 192 204 194 195 193 185 182 182 182 184 184 192 134  93  89 
113 161 126 138 153 157 154 156 155 155 154 159 128 142 162 160 162 161 163 164 161 161 164 166 164 167 159 114 155 164 120 113 156 164 125 154 164 162 163 164 162 161 162 166 168 168 163 155 149 127 101  95 108 125 142 145 149 151  85  65  76  96 137 140 141 140 143 140 133 118 143 164 114  98 105 128 134 130 132 131 131 134 134 134 134 126 118 114 127 147 158 158 160 156 146 137 134 137 143 144 145 153 142 109 153 210 198 196 194 192 187 182 184 183 186 186 194 155  99 111 
 84 156 156 156 151 154 154 157 158 158 157 159 129 149 168 162 160 164 165 165 164 161 164 165 166 170 150 136 174 148 128 111 143 165 123 156 165 161 160 162 164 163 162 165 171 174 145 120 101 101 120 125 136 141 142 138 149 149  79  70  74  97 138 142 141 140 141 139 138 141 136 150 146 102  92 106 130 134 133 135 131 132 135 135 136 138 129 129 119 104 111 138 163 164 150 146 134 115 124 129 119 117 108 112 191 205 198 198 195 191 186 183 184 185 186 186 192 177 110 107 
 69 148 157 153 158 163 162 164 160 161 164 161 126 153 167 163 162 164 166 163 163 162 162 163 163 165 161 132 116 104 141 147 149 160 124 161 164 162 162 163 165 168 166 155 145 123  99 100 114 132 134 133 139 138 137 136 148 144  73  74  76 102 133 136 138 139 141 140 136 138 129 144 148 135  96  96 102 127 135 133 132 131 130 133 135 138 137 135 132 120 107 103 114 108 107 114 116 118 112 114 115 109 107 161 212 201 201 198 195 189 184 179 178 179 183 187 189 191 126 104 
 63 133 164 161 166 127 125 172 163 134 160 160 124 155 163 163 163 162 162 160 162 164 164 162 162 162 163 161 138 146 163 161 163 152 124 164 162 162 161 164 165 154 138 124 102  98 116 126 137 133 130 135 137 140 135 134 143 136  68  72  73 107 137 137 136 138 138 141 148 140 137 145 140 148 127  97  94 107 131 132 135 133 134 134 135 133 131 126 127 123 118  93  82 126 150 145 140 145 148 153 157 150 143 196 206 192 185 177 173 167 162 162 163 163 164 168 171 183 146 103 
 63 116 175 170 155 131 165 156 145 135 145 164 125 162 167 166 163 163 162 163 162 162 163 162 162 162 160 161 167 165 160 127 140 152 127 166 165 161 161 165 148 134 118 102 109 123 130 135 136 133 135 134 131 134 127 133 150 135  68  74  74 112 136 138 143 151 156 157 157 129 112 136 144 147 150 119 105  90 119 137 136 133 132 131 133 131 128 128 125 126 103  80 136 159 151 151 154 156 156 156 156 148 170 193 179 182 184 183 181 179 178 179 179 179 180 180 177 183 157  96 
 64  93 174 169 159 123 146 122 108 109 160 162 127 164 165 164 166 164 162 162 163 162 163 160 161 162 161 160 159 160 160 121 149 150 131 165 162 174 178 150 122 106  99 109 126 131 134 137 135 125 117 109 112 110 133 162 156 147  71  70  78 126 145 149 156 152 144 134 122 111  89 103 150 147 140 141 127 107  85 125 137 133 131 133 131 130 129 127 127 132  89 110 161 151 151 154 150 153 156 157 156 156 176 185 198 202 199 195 190 185 182 180 181 183 183 184 184 192 171  85 
 71  72 162 169 164 147 115 142 162 156 170 152 130 169 164 165 165 163 161 161 164 162 161 160 161 162 159 160 160 163 159 134 162 147 138 174 173 167 136 108  99 106 129 132 132 133 128 124 104 125 137 154 169 165 148 142 138 116  64  72  79 127 133 127 126 123 117 124 133 129 105  93 145 139 128 132 139 136  99  82 125 136 134 134 132 125 128 132 132 124  95 140 155 152 153 154 149 152 155 157 151 158 196 208 203 199 194 190 187 183 183 181 179 181 182 182 182 185 190 112 
 77  59 141 173 168 153 123 157 178 172 169 147 131 168 163 163 162 162 161 160 161 160 159 160 163 162 158 160 161 164 163 168 166 161 155 149 129 111  96  95 110 132 134 132 135 137 114  91 131 186 191 195 194 191 137 109 148 118  63  74  82 119 131 133 136 136 138 137 131 129 113  85 135 146 135 133 139 139 138  98  80 124 139 135 135 125 129 133 134 117 120 154 152 154 154 153 153 153 152 156 151 174 209 201 200 198 195 190 186 185 182 182 180 182 183 183 182 182 191 148 
 79  56 122 174 166 137 122 128 126 160 172 143 134 167 161 159 158 160 162 162 159 158 159 162 163 162 162 163 163 163 163 166 154 131 124 118 103  92  99 118 127 130 133 128 126 113 104 140 180 182 180 185 184 177 152 132 138 107  62  75  90 134 141 139 138 132 135 139 133 130 101 105 126 135 134 137 139 142 136 133 104  95 129 134 132 127 129 128 129 120 103 147 155 155 154 152 154 153 152 155 150 190 208 200 200 196 194 190 186 184 182 182 182 182 183 183 182 182 188 174 
 83  60  93 178 136  93 106 115 104 135 172 136 137 168 161 159 160 157 157 160 161 160 162 162 161 163 163 163 165 167 171 144 109 115 104  89  95 112 125 128 122 122 132 118  93 125 168 180 175 173 180 183 187 156 155 176 181 120  58  77  94 133 137 135 135 132 135 139 138 121 100 134 118 129 132 131 139 143 141 133 129  95  89 133 132 129 128 129 127 125  92 131 162 155 152 153 154 155 155 151 161 203 204 201 198 197 194 190 187 183 181 181 180 182 183 182 184 188 188 184 
 86  66  72 164 160 126 132 164 166 165 164 129 141 166 158 160 161 158 159 162 162 162 163 161 161 164 164 167 167 160 143  96  86  86  87 106 125 128 121 126 126 121 104  90 138 185 181 174 172 170 178 190 169 132 153 153 157 104  63  78  87 117 119 121 116 122 128 131 112  91  94 110 125 134 130 129 137 141 140 137 126 127  85  99 129 132 130 132 131 130 101 113 159 152 153 155 156 155 156 154 166 202 204 200 196 196 192 188 185 183 180 180 179 180 181 183 184 170 159 166 
 83  74  59 138 174 166 164 165 156 129 161 130 144 164 158 158 161 158 158 164 162 161 163 162 166 171 165 135 106  96  85  84  95 110 122 123 124 125 124 125 122  99  81 138 184 180 179 171 165 171 185 180 114 123 133 135 145  85  62  77 118 148 147 143 137 136 130 110  81  98 125 125 134 137 130 128 132 136 140 138 128 130 116  86  90 129 135 133 135 135 113 114 150 154 155 155 156 158 156 160 175 201 201 198 198 194 189 187 184 182 181 179 180 181 182 187 179 139 136 168 
 84  81  57 117 176 164 163 166 147 120 164 129 151 164 160 162 161 160 159 162 161 161 166 170 158 121  90  77  74  77  87 101 116 126 126 124 124 126 125 125 101  86 130 175 181 177 178 171 166 175 186 121 105 131 135 146 150  84  64  78 131 165 164 164 164 163 152 106 127 145 148 140 140 139 134 129 133 134 138 139 136 131 132 118  93  99 140 135 133 137 125 107 150 161 156 154 156 159 158 176 193 203 201 198 195 192 190 188 184 181 181 180 180 180 179 185 185 163 145 147 
 82  80  60 103 175 165 164 167 143 126 163 129 157 163 162 166 163 163 165 168 168 168 144 104  81  66  69  88 102 100 107 115 117 126 127 124 120 124 123 110  88 119 168 179 180 180 160 153 174 187 151 103 123 128 140 150 150  80  65  83 119 141 148 155 157 159 122 112 140 142 145 139 142 145 140 133 135 134 139 142 141 136 129 127 125 101 110 132 132 134 135 109 116 134 155 162 162 163 160 177 204 203 201 198 195 191 190 186 184 181 180 179 179 181 181 186 159 138 170 140 
 81  84  63  87 167 164 163 164 159 166 160 119 160 165 165 166 170 166 167 157 130  98  70  69  86  99 105 110 113 117 120 116 114 119 124 118 115 115 108  80  96 166 185 177 160 140 153 172 184 173 127 125 126 129 135 148 143  76  69  82 122 142 142 141 144 134 103 126 140 140 139 141 144 146 143 136 137 133 132 141 141 137 133 132 130 120  91 119 131 135 135 129 110  95 103 126 138 127 166 185 202 202 200 196 194 193 189 186 184 180 181 179 179 180 186 170 144 158 179 185 
 82  84  70  72 157 169 163 163 166 170 160 145 166 162 151 146 137 119  97  80  69  74  91 107 113 112 115 117 111 111 113 117 113 113 118 113 101  92  76  95 167 185 165 140 123 147 179 183 177 136 105 130 131 129 134 142 140  71  69  90 131 145 144 140 135  99 110 145 148 145 143 144 145 143 144 135 139 135 135 137 140 137 132 135 131 126 113 103 133 136 135 130 131 129 118 115 113 115 168 192 204 201 198 194 194 193 189 187 185 181 181 180 180 181 185 170 147 182 189 167 
 87  81  78  61 142 179 167 166 165 163 151 141 129 113  94  85  79  74  78  91 104 111 115 114 115 112 109 108 107 105 106 115 111 106 100 102  85  76 116 176 192 156 125 135 167 183 185 162 118 112 127 133 128 122 125 146 137  69  74  93 137 147 142 135 107  91 129 146 143 145 144 141 146 142 141 133 134 137 138 138 139 138 131 135 133 126 128 107 132 141 133 135 131 131 140 150 130 153 186 202 203 200 198 195 194 191 189 187 184 181 180 178 180 183 181 190 160 133 191 180 
106  93  79  63 102 138 127 122 110  96  75  71  72  79  82  83  87  93 106 104 108 105 106 109 109 103 102 105 101 100 105 110 109 102  84  69  92 146 189 186 162 131 147 179 190 180 139  99 109 132 135 136 128 125 129 148 133  67  76  95 135 145 146 125  92 123 142 141 141 143 143 143 146 144 144 138 135 139 139 140 141 137 133 131 134 132 122 109 108 139 135 138 143 141 142 137 108 163 209 206 201 198 197 196 193 190 189 186 182 181 180 179 180 181 183 182 145 175 190 175 
111 112  92  70  71  72  76  71  65  70  78  87  98  99 101 106 102 105  96  73  72  72  75  77  77  69  66  72  70  72  84  99  96  85  88 113 171 189 176 138 124 160 187 187 163 110 100 125 139 139 136 136 132 127 129 138 120  64  75 100 134 141 137 121 113 131 140 143 147 144 142 143 144 144 144 140 137 138 137 144 144 140 134 131 135 137 125 120  98 116 131 136 137 138 137 104 117 187 206 200 200 199 197 194 193 191 187 184 182 180 179 181 180 179 184 174 150 146 151 158 
110 110 111  72  79  93  85  93  89  94  98  95  91  90  97 104 104  94  74  96  98  99  92  90 107 112 101 122 119 109 102  83  72 117 148 182 184 161 120 117 163 193 180 140 102 115 137 140 137 136 137 135 117 105 111 129  95  61  79 106 131 133 134 146 129 139 141 142 145 144 144 144 145 147 147 142 140 139 134 138 142 141 135 136 137 130 130 128 116 109 138 126 131 155 132  99 180 207 199 200 200 199 197 195 193 189 188 184 184 182 178 178 178 178 181 183 146 133 143 146 
104 110 114  82  62  98  86  78  75  75  82  79  80  88  82  77  83  70  66 155 180 171 168 160 164 174 173 172 165 152 148 134 135 147 125 140 178 150 140 180 180 137 103 105 122 139 137 138 137 132 119  96 100 129 155 184 136  59  75 113 139 133 134 124 111 138 154 145 142 144 143 144 145 147 146 144 147 144 131 136 140 140 137 136 139 135 130 133 133 110 145 161 166 158 104 153 203 210 207 201 200 198 196 194 190 188 186 184 183 180 179 179 179 179 181 182 186 166 150 138 
103 112 113  83  59  87  98 115 111 116 138 136 148 159 153 141 110 112 148 130 146 170 164 163 163 167 169 157 146 153 156 152 155 150 129 118 148 185 153 125 103  97 117 126 130 135 137 137 129 106  94 118 169 181 183 193 137  64  71  93 122 119 121 118 116 115 142 143 141 143 139 142 145 144 143 141 145 146 139 140 139 140 141 137 134 134 132 134 139 128 114 162 153 127 124 161  96 106 192 208 208 209 206 201 197 190 185 183 181 180 178 180 180 181 181 180 188 153 136 169 
107 110 109  80  60  85 123 153 182 177 179 181 179 181 181 180 183 163 149 135 155 170 165 163 164 164 162 152 141 148 159 159 160 146 110 125 129 138  91  93 113 124 129 128 127 134 132 111  88  92 144 183 181 177 178 190 123  58  88 126 119 108 100  98 117 115 102 123 148 146 142 143 141 145 144 142 142 146 145 144 143 134 139 136 129 134 137 135 133 140 111 105 129 102 142 146 114  83 113 208 141 133 156 172 181 188 196 195 183 178 182 189 191 190 192 187 182 178 173 187 
111 111 107  75  65  78 138 120 157 181 180 174 181 179 187 177 167 133 146 179 172 171 170 166 167 164 159 151 143 147 155 161 166 154 119 117 137  84 100 124 122 124 131 135 115  93 100 112 139 169 178 174 177 161 145 143  90  59  97 161 171 154 141 132 112 107 125 122 114 149 146 148 142 143 144 143 144 139 148 144 146 145 137 134 131 132 137 134 131 132 133  92 138 116 136 148 148 141 102 174  87  79  81  70  77  92 112 133 168 193 187 146 112 106 122 164 194 187 184 182 
110 113 100  73  70  65 138 151 138 131  95  89 105 100 100 135 158 151 113 134 174 172 169 168 170 166 165 157 144 150 160 163 164 159 140 119 128  92  95 111 105 104 103 105  93 120 160 182 185 179 174 176 171 138 138 153  93  62 101 158 168 167 167 170 175 154 138 145 108 144 148 149 148 146 144 142 145 140 146 145 146 148 143 135 133 134 134 135 136 132 147 108 114 133 117 101 137 144 115 147 105 138 128  67  97 114  74  50 175 183  86  61  82  88  70  60 120 193 182 194 
110 115 104  86  72  60 105 154 146 130  93  81  90  94  70 144 190 144 104  87 149 172 162 166 166 164 159 146 144 151 156 155 159 160 151 132 106 105  94  95 102 113 119 130 153 171 163 163 162 164 164 161 160 172 189 195 106  63  97 141 154 161 167 168 173 182 157 123 118 134 150 144 147 146 144 142 146 150 143 145 150 145 150 143 134 140 142 139 144 145 144 135  95 146 136  93 140 144 126 137 107 147 122  65 120 130  93  91 188  75  64 119 128 130 122 104  50 120 203 172 
108 113 108 111  92  60  89 146 146 149 147 141  96  98 100 108 157 120  90 117 186 200 181 168 176 189 185 188 199 198 190 173 158 157 155 146 121 133 132 130 138 151 158 156 153 138 134 146 152 160 167 142 144 160 171 184  96  63 114 153 153 150 167 172 171 174 165 135 118 109 147 145 146 143 145 142 150 152 139 141 150 144 139 147 143 144 147 145 146 147 144 143 116 130 155 166 172 129 147 127 126 152 107  69 125 130  83 123 120  64 127 125 130 121 125 136 110  63 174 147 
111 108 102 110 109  74  75 150 142 144 153 158 134  90  96  94  96  86 136 208 210 206 206 204 205 207 207 209 206 207 207 213 185 147 151 155 130 133 139 137 132 133 130 117 112 122 137 132 134 149 152 156 158 148 148 143  75  71 126 163 167 166 168 168 171 174 169 153 125 106 135 149 146 146 145 141 159 150 139 145 150 149 104 123 152 145 147 144 148 147 148 148 141  86 104 165 169 114 169 118 147 156  86  87 136 129  86 131  86 117 129 129  96  66  81 132 142  91 121 132 
114 109 104 111 111  98  65 143 151 135 146 140 159 130  93  91  95  90 190 219 202 203 204 204 204 202 203 203 203 203 202 206 195 149 147 153 137 113 114 118 120 119 124 130 135 142 143 141 135 124 120 119 133 159 180 138  58  77 135 168 170 167 168 170 176 177 143 127 127 101 132 152 147 147 142 144 159 146 133 144 151 145 110  92 147 149 145 141 147 148 143 151 111 105 129 171 150 135 175 114 158 143  67 113 149 129  93 134  82 129 136 111  79 161 106  93 142 115 104 124 
118 105 106 113 109 107  75 119 162 148 144 140 146 162 155 119 100 109 144 188 207 202 202 202 202 202 203 202 203 202 202 208 191 148 150 151 121 129 144 140 147 147 151 148 147 149 150 154 150 138 140 135 126 118 133 150  72  75 123 146 153 158 160 156 169 176 117 110 107 115 150 152 150 149 146 151 150 139 137 140 147 135 103  78 116 154 147 144 142 143 146 131  85 163 183 183 106 174 160 122 168 131  61 137 151 123 103 147  79 138 147  93 103 224 152  80 140 124  94 107 
117  99 109 112 109 107  90 106 153 146 147 148 149 148 161 168 157 148 145 189 207 203 202 202 203 202 202 202 203 201 203 208 171 147 161 145 113 142 151 150 152 146 146 148 148 148 150 143 140 144 141 143 146 144 129 107  68  77 103 118 120 122 123 127 138 124 112 113 129 146 150 148 147 148 147 151 147 144 137 135 147 133 103 110  94 116 154 152 147 142 146 144 109 171 182 135 101 170 137 130 167 130 114 151 163 114 115 174  78 137 147 129  74 112  81 103 146 129  78 146 
111 100 110 112 109 105  98  97 146 151 149 153 150 154 147 146 151 140 181 211 201 202 203 203 203 203 202 202 202 203 204 207 167 156 151 110 136 149 147 148 147 150 146 149 163 163 167 163 152 146 138 139 143 146 155 109  63  79 124 151 151 146 145 160 115  85 129 138 134 140 148 150 146 147 145 154 148 144 135 134 143 124 114 156 151  98 119 156 151 142 154 173 133 108 115 123 200 165 106 130 173 159 169 162 164  78 138 198  92  98 152 153 132  93 118 140 143 116 101 197 
107 101 112 113 111 106  99  95 145 156 150 154 155 155 153 151 140 117 157 194 211 210 211 209 207 211 212 208 207 207 205 207 161 135 101 117 155 150 146 150 149 148 145 148 151 150 144 154 164 168 168 157 151 152 159 122  68  76 106 139 147 152 155 146  85 100 114 108 121 127 132 143 150 149 147 156 151 143 139 139 135 113 131 152 155 136  87 124 157 152 163 165 212 184 182 203 211 185 117  86 152 175 171 158  86  90 186 191 156  60 127 161 160 158 159 157 144  73 135 207 
100 101 113 116 114 108 102  94 136 161 153 157 158 159 156 160 163 155 138 126 171 177 163 137 144 152 169 184 183 184 187 170 118  93 115 156 155 152 148 142 136 132 130 130 134 138 136 141 151 161 152 159 168 175 180 128  64  85 112 135 126 139 157 114  95 107  99 103 108 116 121 120 135 146 150 161 154 143 140 139 136 114 132 146 150 154 138  95 113 164 145 117 204 216 205 199 197 197 164 135  93 107 102  85 105 182 187 177 192 133  61 108 156 163 153 137  73  92 191 195 
 95 106 112 113 114 109 105  94 122 164 161 159 155 159 165 164 163 174 143  99 108 120 118 123 142 132 106 113 123 127 136 141 145 144 147 136 130 121 108 108 114 108 112 115 105 110 119 111 123 135 129 139 131 143 167 126  63  97 135 141 123 129 145 114 116 113  98 104 108 107 113 114 113 124 138 161 152 143 141 139 139 123 107 135 151 152 158 146 106 142 109 159 154 180 206 203 200 204 164 191 185 155 149 165 193 187 179 179 179 191 154  89  83  88  92  81 114 186 187 180 
 93 109 114 113 112 111 106  95 108 158 157 161 162 161 162 159 157 166 164 160 159 163 168 172 172 169 140 123 140 143 136 135 120 116 113 111 124 122 133 144 148 151 153 151 149 140 141 143 132  96  88 125 145 145 141  98  64 108 123 114 136 137 143 135 115 103  92 103 108 106 105 110 115 115 111 138 149 147 143 138 137 143 127 104 136 149 149 150 157 138 156 224 204 151 157 185 195 189 148 187 199 197 196 192 186 183 181 180 178 180 190 188 118 129 157 171 190 185 179 181 
 96 109 112 114 114 111 107  99  99 150 158 161 164 165 166 163 161 164 170 171 165 158 164 166 164 166 168 122 136 135 109  95 126 145 148 150 152 156 161 160 157 160 163 159 152 145 146 153 145 131 100  88 115 154 152  94  66  94 137 149 172 176 173 152 141 144 114  98 101 107 104 108 111 113 111 119 138 147 146 142 142 145 146 119  97 137 153 153 150 154 196 105 140 214 166 161 163 147 175 198 189 186 184 183 182 181 180 180 180 179 183 166 142 196 188 185 182 182 185 186 
 99 112 112 113 111 111 109 103  94 137 161 159 162 164 168 167 166 165 166 167 165 163 165 165 162 161 186 128 123 119 100 136 146 153 148 148 150 156 157 155 157 158 160 159 150 144 152 143 118 127 119 106 107 135 149  87  76 107 153 176 173 174 173 173 175 181 178 141 109 105 101 104 113 111 107 113 134 145 150 145 141 143 141 141 117 102 142 153 138 184 111  87  70  99  91  96 186 203 197 191 193 197 197 195 187 180 178 180 180 178 183 164 123 171 179 179 181 176 170 162 
105 113 114 111 110 111 108 103  93 124 161 158 160 164 168 169 166 167 166 166 167 166 166 166 164 162 181 129 115 137  99 142 153 136 141 144 146 154 159 157 157 159 159 161 145 141 145 139 151 127 125 112 125 138 146  81  73 114 133 165 176 175 171 172 179 179 177 179 166 136 122 111 108 104 102 108 120 135 140 146 141 143 139 135 140 113 113 139 175 153 109 141 115 101 132  73 111 207 196 205 187 157 143 154 178 195 184 178 179 187 189 191 163 140 147 148 147 139 136 145 
110 111 112 113 111 111 108 103  95 112 156 156 163 167 163 165 165 166 167 166 165 166 167 168 168 166 172 139 112 142 118 119 112 127 150 145 149 156 159 158 155 151 136 141 153 158 159 144 151 160 136 129  98 137 149  81  74  97 138 153 158 175 180 165 154 163 169 176 182 170 149 146 128 108 100 105 107 119 131 143 143 142 139 136 140 141 111 122 164 116 126 129 141 155 151 137  91 190 211 141  83  81  83  72  70 119 189 188 176 160 155 153 159 156 142 145 149 168 185 193 
111 110 112 113 113 113 109 103  97  99 149 158 139 121 159 169 160 161 168 166 164 167 167 168 167 166 164 145 121 120 108 132 136 140 146 148 149 157 157 142 135 139 165 190 202 207 209 156 131 165 157 129  95 108 119  74  83  98 147 158 151 149 178 177 160 153 142 140 153 169 181 177 161 147 151 133  98 104 124 140 141 143 143 140 142 146 141 101  83 135 120 120 146 126 138 131  99 197 125  66 108 133 136 121 107  58  91 191 183  80  63  74  70  69  71  72  60 124 205 131 
113 110 113 114 112 113 110 106 100  92 142 161 121 108 115 152 182 168 165 168 168 167 167 167 167 166 168 142 125  95 137 158 145 146 148 154 150 141 132 159 187 194 210 207 205 205 207 179 169 173 161 130 115 124 120  74  70 113 163 151 158 155 147 167 181 181 167 146 132 130 148 167 179 181 183 184 148  99 103 128 136 141 146 143 140 151 125  87 100 146 109 153 134  94 149 134 125 147  67 132 142 143 142 138 134 124  54 118 189  79  97 125 107  58  99 109  75 120 176  72 
114 111 110 112 111 111 112 106 101  92 126 159 137 134 126 107 139 183 183 173 170 169 172 170 169 166 172 139 121 114  99 129 143 141 136 141 133 131 181 210 210 207 203 203 203 202 203 207 215 186 149 149 126 128 128  75  80 140 162 142 127 159 138 120 145 171 180 179 175 164 149 139 146 167 177 183 188 165 111  95 130 144 144 145 144 143  93  94 127 147 117 171 112 125 168 121 136 100 117 150 147 103  79 106 136 139 107  72 172  95 100 135 118  61 104 123  86 120 137  90 
112 113 114 114 113 111 111 107 103  93 113 154 149 136 134 133 112 121 150 163 169 176 173 170 169 168 170 155 119 136 113  97 105 153 179 171 166 187 211 203 203 203 203 204 203 203 203 204 210 195 146 150 136 129 110  72 104 146 160 138 121 130 133 114 109 128 153 175 176 180 182 175 164 161 154 174 185 190 179 121 104 136 142 146 148 108 128 145 148 130 137 158 108 164 164 109 144 101 146 152 108  93 137  74 121 148 134  76 151  98 102 137 119  65 107 130  97 116 127 106 
112 113 114 115 115 114 111 108 105  97 102 150 154 142 130 127 137 139 125 125 140 160 171 171 169 172 168 173 133 115 137 133 103 179 217 208 209 206 202 203 203 203 203 203 202 203 203 204 208 192 159 150 153 117  88  74 110 143 137 130 135 119 130 107  95 103 113 130 148 158 167 178 181 180 171 176 181 181 187 181 127 123 153 147 128 130 205 139 154 113 154 132 120 184 137 118 152 104 153 150  77 165 231 112  97 152 142  78 142 104 107 141 123  61 104 135 101 115 137  98 
111 111 113 113 113 117 116 107 100  99  91 138 155 154 151 136 124 137 151 141 123 117 129 160 178 151 120 132 159 123 107  98 156 214 203 201 202 201 202 203 203 203 202 203 203 203 203 203 208 189 163 173 138 107 100  69  89 117 130 140 141 120 126 125  92  96 103 101 111 134 146 153 166 177 185 188 183 180 182 192 182 134 143 145 130 207 176 132 147 123 179 123 144 179 105 155 158 107 161 158 104 108 143  79 136 156 144  77 154 110 106 148 134  67 103 137 107 108 172  89 
111 112 113 112 113 116 113 120 116 110 108 119 154 155 157 157 153 127 126 145 152 138 118 119 130 116 122 117 182 173 109  86 163 201 206 203 202 203 203 203 202 203 204 204 205 204 204 204 208 187 163 125  97 128 101  69  90 122 131 137 138 125 108 149 121 100 101 104 104 103 112 119 126 135 149 164 174 176 182 165 158 140 132 146 166 222 143  79  84 109 148 115 178 170  97 195 170  86 156 151 149 101  87 129 158 160 129  78 183 111 105 149 142  68 108 146 119  99 179  97 
115 113 112 113 113 114 106 131 161 119 132 102 150 150 156 159 161 159 149 127 134 150 146 144 136 142 150 112 135 166 113 110 111 130 165 203 204 203 203 203 203 203 204 204 204 203 203 202 210 196 121  83 109 119  91  76 103 123 118 133 135 110 130 168 164 149 119  97 102 104 106 110 117 126 133 128 135 147 137 129 126 135 149 153 192 206 198 176 151 125  92  83 125 111 126 205 196  90 114 169 153 160 159 153 159 155  71 128 202 110 105 151 142 104 126 147 127  99 155  73 
113 113 112 114 114 112 112 109 156 124 134  96 144 148 157 160 161 162 162 149 126 131 139 152 149 144 147 140 119 116 124 139 152 131 135 204 204 202 203 203 202 203 204 204 205 205 206 211 220 144  76 104 109 133 114  69 107 118 129 158 137 117 144 155 176 173 166 131  97 104 114 113 117 130 141 149 149 146 148 156 160 159 153 169 203 201 204 206 209 208 194 171 132  93 169 200 201 165  66 119 160 164 164 158 132  66 101 189 193 132  80 157 151 152 146 156 110 104 172  93 
112 113 113 113 113 114 116 104 145 142 137  94 137 152 152 159 165 164 160 163 157 141 119 134 148 147 145 144 143 140 144 147 146 134 195 210 204 206 205 204 205 208 209 213 211 207 204 190 134  83 103 113 164 191 117  71 123 142 157 164 129 129 139 147 174 173 172 178 154 122 113 121 128 124 124 132 149 158 149 151 158 153 159 184 203 200 199 197 199 200 202 205 208 197 196 192 190 200 165  92  93 105 102  91  78 128 191 183 181 176  71  99 158 159 159 132  57 142 187  95 
112 109 110 112 114 116 114 103 130 172 144  93 111 154 156 163 166 164 163 161 159 168 157 119 118 145 147 142 144 144 146 153 121 134 186 201 202 199 198 200 199 181 164 153 142 134 120 102  92 113 118 107 135 159 106  95 152 158 158 134 129 144 138 147 158 174 154 146 171 170 146 124 118 134 130 116 120 144 155 162 159 154 171 195 202 199 201 199 199 197 195 192 192 196 194 191 189 187 200 191 157 137 134 147 179 192 179 177 177 188 163  84  84 100  96  67 112 190 188  96 
112 111 109 113 115 114 111 107 104 179 185 130 129 148 158 163 162 164 163 160 159 167 173 164 115 118 151 148 147 149 152 151 124 109 102 125 126 133 140 146 148 131  94  85  99  98  98 105 113 117 116 115 116 103  80  85 113 145 132 112 158 146 134 146 153 176 172 143 127 150 177 163 125 114 128 135 124 133 141 142 165 165 179 202 202 199 200 201 199 196 195 194 192 193 191 191 190 188 186 189 193 193 193 192 185 179 178 177 176 176 187 181 148 132 132 163 190 181 183 160 
111 112 112 112 115 115 114 113  97 129 204 198 183 137 149 162 163 164 162 164 166 165 161 172 164 114 129 153 150 152 150 152 154 148 137 137 134 142 148 149 147 150 121  86 116 120 112 115 115 109 106 106 122 116  83  78 102 116 102 141 168 140 135 147 148 173 174 177 157 130 136 161 171 148 122 126 138 133 127 110 139 176 184 203 199 199 198 199 197 195 195 195 194 194 191 188 189 189 187 185 184 182 181 179 179 179 178 176 176 176 175 179 185 188 188 185 178 176 178 186 
112 113 113 114 116 114 114 114 108 101 182 209 124 122 154 161 164 163 161 165 167 165 167 166 173 158 118 145 154 154 154 154 154 154 159 156 151 156 160 158 156 160 166 115  85 100 101 102  99  95 117 139 107 104  83  91 116  77 120 177 161 133 141 145 149 171 184 178 176 177 153 134 155 178 159 126 124 140 152 118 114 174 195 205 201 200 199 199 196 196 195 193 193 193 191 190 191 187 186 184 185 183 180 180 180 179 179 176 177 179 176 176 176 176 177 176 177 178 179 179 
112 111 110 112 113 113 113 111 112 100 163 210  95 112 160 160 163 162 161 166 167 167 170 167 168 173 157 140 150 150 154 152 153 155 140 127 141 156 160 162 161 163 160 169 122  95 122 115 127 161 175 179 174 132  76  90  85  92 165 177 154 138 144 144 144 159 175 178 174 178 181 174 145 143 174 170 138 125 150 137 144 188 204 200 200 199 197 197 197 197 196 194 192 189 189 191 186 184 186 185 182 182 181 178 179 179 178 177 178 177 177 177 175 176 177 176 178 179 180 180 
111 110 109 111 113 114 111 112 113 100 143 217 119  90 158 159 161 161 164 169 167 169 172 168 168 168 161 141 148 151 152 148 151 154 137 118 145 140 148 147 139 133 130 152 164 164 156 154 147 141 154 175 160 125  80  74  91 160 176 167 145 156 150 144 145 148 119 116 158 184 179 179 179 152 135 166 176 138 119 145 139 126 210 202 197 199 200 199 197 196 195 194 193 188 189 190 186 185 185 184 182 181 180 179 179 178 180 179 178 176 177 177 177 177 178 178 178 179 180 181 
110 109 107 111 114 113 114 115 112 102 130 218 115  71 153 159 160 165 168 167 170 170 170 166 170 166 139 140 150 151 151 150 154 149 136 168 210 188 165 152 153 150 160 169 166 182 189 184 179 164 135 119 105  99  93  89 143 176 172 149 152 173 156 135 147 138 113 107 130 174 183 180 176 180 160 136 157 171 141 141 163 103 150 210 199 205 203 199 197 195 195 195 192 189 191 189 187 184 183 183 180 181 180 179 179 179 177 177 176 177 177 177 177 177 178 178 178 181 181 181 
106 107 110 114 113 111 112 111 110 108 113 176  82  66 125 149 162 169 168 167 171 171 168 168 174 143 134 149 150 150 150 152 154 147 128 177 204 181 172 173 175 178 179 178 171 176 187 187 185 188 186 155 112  91  88 110 164 170 162 148 172 179 162 126 141 131 109 115 129 124 133 165 177 176 180 174 143 163 174 151 184 180 125 200 205 185 197 207 208 202 200 199 197 194 191 192 193 193 191 190 187 186 183 181 179 177 178 177 176 178 177 176 175 177 177 177 179 180 180 181 
124 113 108 104 106 108 112 112 110 113  95  87 119  68  85  91 131 166 173 175 171 172 168 170 173 130 146 153 144 148 149 150 153 134 122 163 176 168 175 175 173 174 180 178 171 182 185 183 181 181 188 163 143  98  65 127 173 160 140 161 173 181 139 115 131 129 111 112 127 127 111 120 160 175 178 184 177 173 167 153 176 181 142 200 198 107 108 121 155 161 154 151 149 143 141 145 146 146 151 157 164 173 180 184 186 183 182 178 176 176 177 177 176 177 177 178 178 179 179 180 
166 160 150 135 119 110 106 109 110 106 110  92  93  74  74  70  77 107 138 151 164 174 174 179 136  98 115 125 125 146 154 153 148 129 150 203 179 172 177 177 174 176 182 181 182 187 186 185 184 184 187 160 134 112  61 146 165 136 151 174 176 162 118 129 143 121 110 110 122 131 124 118 123 147 168 184 188 184 149 157 177 168 148 215 160 142 168 132  86 137 179 175 174 176 181 178 169 166 163 145 139 128 129 132 144 156 172 184 186 183 180 176 177 177 178 177 176 177 179 179 
162 162 164 165 163 156 142 128 121 126 153 155  61  58  65  75  81  74  75  91 105 115 146 130  85  94  91  84  92 103 111 120 130 153 167 161 189 183 175 176 175 178 177 171 180 189 191 189 184 185 187 171 147  99  65 149 129 140 171 174 171 124 118 141 135 112 106 111 119 130 123 131 122 125 150 163 181 181 114  99 175 156 154 174 110 170 188 178 118 188 205 194 201 208 168 128 117 131 170 203 189 181 174 166 162 146 127 126 139 163 184 186 184 180 181 182 186 187 189 189 
160 158 158 157 159 164 168 167 164 165 162 163 107  88 113  90  75  82  76  69  72  71  72  72  82  94  95  92  96  93  93  90 103 126 140 118 157 188 171 171 177 178 180 182 191 198 200 193 187 186 187 171 161  98  72 152 148 164 170 178 140 107 138 143 126 108 104 109 119 126 122 128 139 135 137 136 154 130 128 140 172 136 143 168 120 170 172 140 128 202 192 197 196 112  83 106 115 104  77 117 182 183 191 191 153 114  96  81  61  69  94 135 161 174 173 161 152 146 135 145 
160 158 158 158 159 162 162 161 162 160 159 156 159 159 153 122  93  79  77  77  76  81  81  86  87  91  94  90 103 107  94  98 112 123 106 143 196 178 177 188 196 202 204 206 206 205 205 203 195 185 186 179 156 104  78 156 170 167 174 144 105 135 143 143 121 107 104 107 116 126 126 128 140 139 145 152 139 110 150 163 158 105 192 167 130 172 172 125 158 204 195 199 101 100 169 172 173 178 144  73 170 201 167  86  78 114 134 144 139 114  74  69 123 130  78  83  87  88  90  80 
162 162 161 159 161 163 161 162 161 159 159 157 157 153 146 137 132 105  66  83  83  73  74  83  91  98  98  88 103 161 150  90 103  98  98 172 205 199 202 206 204 202 202 203 203 203 202 202 204 194 186 189 162  96  74 140 175 171 146 100 105 132 143 138 115 105 102 108 114 122 132 134 137 141 140 159 132 120 146 157 138 135 193 128 136 165 158 111 187 198 206 142  86 171 165 155 152 162 138  93 196 159  65 106 157 168 164 161 164 166 158 109  71 155 125  82 157 153 164 130 
158 161 163 164 165 163 162 162 162 162 161 158 156 155 149 138 141 143 101  66  80  81  75  71  76  84  94  86  92 171 188 170 138 118 130 108 150 210 203 201 202 202 202 202 202 203 203 203 204 203 184 189 169  78  75 104 121 123 114 129 112 127 144 128 110 103 102 108 114 123 125 135 147 147 145 139 112  96 143 147 131 200 139 111 153 158 128 122 202 196 196 104 137 163 151 148 156 167 116  79 114  74 114 164 152 143 145 148 146 142 153 166 102  72 181  95 121 152 147 154 
157 158 160 162 163 162 164 163 163 161 159 154 153 154 151 142 133 153 163 107  59  73  80  75  73  78  80  83  84 170 179 126 112 117 129 131 156 202 204 201 201 202 203 203 203 203 204 203 204 204 187 187 171  88  92 105 109 120 129 137 115 105 147 129 109 105 102 105 114 124 118 115 144 160 154 127 117 123 142 123 164 232 156 119 148 148 108 154 212 206 172  94 154 153 144 147 124 132  99 139  95  98 159 143 141 145 147 144 149 142 140 145 156  83 125 152  74 146 142 148 
156 154 154 159 160 159 160 162 162 159 159 157 155 155 152 143 129 148 160 168 120  73  74  81  81  84  84  93  92 112 104  83 103  98  85 178 215 201 202 202 203 204 203 203 203 203 204 202 205 204 191 192 172  95 115 128 122 122 111 118 117 109 146 129 110 104 101 108 114 121 124 113 129 153 154 118 121 135 133 122 161 181 126 122 139 141  98 133 160 187 159 101 150 143 145 135  79  76  80 144  85 135 147 141 144 138  97  89 103 138 147 137 146 132  83 175  94 108 143 135 
191 183 165 156 159 160 160 160 161 160 160 159 156 155 150 145 134 143 154 160 174 137  82  78  77  78  85 104 109  96  96 110 113 108  90 128 205 205 202 203 203 203 202 202 204 203 204 204 205 200 184 190 171  74  86 119 146 163 146 110 100 126 140 124 109 104 108 115 119 128 130 117 119 147 146 117 123 127 107 140 110  81  98 136 135 113 120 195 167 143  91 101 143 137 138 118  87 151 119 121  83 140 136 137 142  80  91 108  57  75 136 138 138 145  83 149 162  78 124 132 
196 201 197 166 159 164 163 159 162 161 160 158 156 153 150 148 137 137 152 159 164 176 133  76  83  79  92 105 108 108 110 107 107 109 120  81 129 213 203 202 202 202 202 203 203 204 203 203 204 200 186 196 163  71  86  97 115 129 148 154 151 146 140 130 112  99  93  87  78  72 119 126 119 142 122 102 124 102 110 161 111 127 119 118 128 109  86 124 167 175  87  87 125 131 125 129  86 159 201 108  92 130 124 131 115  83  68  72  83  55 101 135 130 142  95 135 177  73 113 123 
194 194 201 190 158 157 155 157 162 161 159 158 156 154 149 147 141 133 148 157 158 162 162 132 151 158 131  92  98 107 105 106 107 110 105  87 160 211 203 202 203 203 204 204 204 203 202 203 205 210 202 174 110  84 108 112 105 106 106 103 127 148 114  82  58  45  44  48  59  47 103 138 128 125 122  77  86 115 197 146 115 123 120 117 120 118 107  74 105 151 104  89 112 124 123 128  92 146 203 105  92 122 119 127  93 123 108  45  85  64  91 127 124 133  99 102 108  88 120 118 
196 195 196 197 184 183 182 167 157 159 159 158 158 156 153 150 144 129 143 152 157 163 155 155 179 180 178 141  88  96 107 110 113 104  86 166 218 202 203 208 209 210 213 212 208 208 213 213 208 188 137 127 111  82 113 121 115 118 119 114 111  92  51  51  49  50  57  65  66  70 146 122 121 133 142 100 161 214 199 106 119 122 124 125 114 115 123  92 148 129  67  96 125 123 122 115  83 155 202 117  81 115 112 123 103  87 156  61  57  63 100 122 118 127  93 106  88 106 120 119 
197 197 197 198 200 200 204 201 167 158 161 159 157 155 152 150 145 133 139 155 164 159 146 159 175 172 175 183 162 106  95 107 112 105 102 146 188 201 187 172 155 148 143 139 179 189 172 155 138 118 124 149 120  79 103 115 112 113 119 125 110 102  63  63  59  56  60  68  59 106 188 124 120 152 110 139 217 213 154  71 103 120 121 125 118 113 113  99 172 104 100 112 111 117 114 105  86 176 197 143  73 111 101 106 115  91  79  72  55  86 110 108 112 120  83 143  98 102 115 111 
197 198 198 199 198 198 198 203 193 162 159 159 157 154 152 148 148 135 135 155 158 141 153 175 175 175 174 176 186 176 121 104 121 130 131 101 126 133 116 104 105 115 109 109 124 124 113 118 133 138 152 151 112 117 122 105 101 102 108 112 122 105  57  69  61  57  58  60  59 150 195 157 137 129 112 203 203 202 182 152 134 114  94  91 102 111  97 112 182  85 104 109 101 100 111  81 119 195 187 175  77  91 107 106 103 102  83  91  98 107 110 109 113  99  86 177 101  91 110 109 
198 196 195 197 199 200 199 199 203 173 155 159 157 155 154 152 147 140 133 142 148 155 160 156 155 158 154 153 146 130 118 108 123 134 137 109 108 131 144 144 148 148 146 151 150 147 150 150 149 145 150 153 118 118 147 145 145 149 149 145  88  83  53  66  57  55  56  55  73 158 189 168 137 103 177 211 198 195 203 211 206 197 180 151 122 101  87  88 107  91 109 107 106 111  92  79 177 188 179 192 127  62  99 105  94  90  98 105  97  96 102 103 109  63 126 200 127  76 114 111 
198 197 196 198 199 197 199 199 203 181 157 160 158 158 156 153 147 147 100 101 126 126 118 126 127 117 111 110 114 109 115 127 129 127 141 141 148 151 152 151 148 147 151 151 152 151 151 150 148 146 154 151 114 114 142 156 159 160 164 159 110  62  50  52  58  54  64  57  70 159 180 153 102 148 215 198 196 196 197 195 197 199 204 206 208 176  83  82  83  96  95 101 100  75  83 169 192 178 181 184 188  91  64 100  95  94  93  99  99  93  96 100  70  86 189 187 173  80  81 108 
198 198 199 199 198 195 198 200 206 176 157 160 158 156 154 150 148 149 102  90 111 118 123 124 125 130 128 130 131 126 126 130 127  95 140 151 146 148 151 151 150 147 147 149 148 149 150 151 148 150 158 149 104 100 119 131 140 154 157 138 130  87  75  41  52  62  58  57  57 166 165 111 124 210 200 198 198 198 197 197 197 194 192 192 194 207 120  78  93  89  86  86  84 124 181 195 182 182 180 179 186 183 100  61  74  87  92  96  95  89  78  63  94 179 176 171 188 163  78  69 
199 197 198 197 196 196 197 200 186 158 158 160 159 156 153 151 148 149 126 100 120 124 133 135 132 133 137 141 141 130 123 132 113  84 133 147 146 148 148 152 147 149 145 146 148 146 147 150 148 148 156 144 101 106 122 128 123 122 149 153 144  88  93  82  46  60  48  56  62 168 144 104 198 205 195 199 199 199 198 198 199 196 193 191 190 200 169  82  92  88  89  76 108 204 193 182 181 180 181 180 178 186 188 137  88  69  70  78  74  71  85 135 192 189 119 134 185 191 176 125 
198 199 197 197 195 197 198 202 171 154 157 157 158 157 154 153 148 149 130  91 122 128 128 134 138 137 136 134 127 119 124 128 104  88 109 117 126 139 117 118 125 127 145 149 150 143 146 152 150 148 158 139  95 110 129 135 136 127 140 194 192  81  76 105  49  49  58  50  61 138 111 179 211 197 199 198 195 196 199 198 198 196 193 193 191 192 199 111  78  86  84  76 111 191 185 182 181 181 181 180 178 177 179 188 181 167 120  97 151 162 180 189 158 138 142 146 139 133 184 190 
197 197 199 199 198 198 197 200 195 158 155 155 157 156 154 153 148 144 141  86  96 123 131 133 135 138 139 102  94  95 109 116  96  89  98  95  97 106 106 132 155 129 109 125 144 156 152 150 146 151 159 134  97 115 132 136 137 133 161 192 185 126  52  74  54  45  61  66  56  89 173 212 197 198 199 198 198 196 197 197 196 195 193 192 192 192 204 165  78  82  82  76 100 188 187 182 183 183 181 180 179 179 178 176 178 197 133 145 195 182 182 168 129 136 115 131 124 151 156 183 
196 198 200 200 201 199 198 197 202 168 154 157 156 157 156 153 145 168 182 113  93  91 107 127 139 139 143 107 118 161 130 101  89  81 106 167 161 161 169 171 167 158 147 150 120 121 145 153 148 152 158 128  94 119 133 138 136 132 157 191 189 124  57  67  74  57  49  60  48 132 217 197 198 199 198 199 198 197 196 197 196 195 194 192 192 191 193 197 102  75  88  79  93 184 188 182 182 183 180 178 178 177 178 178 182 174 107 172 180 176 175 178 144 160 151 148 161 156 168 184 
197 200 199 200 202 199 197 197 203 174 151 157 156 157 155 154 146 182 201 145 135 138 113  98 115 145 147 110 102 149 116  95  90  83  91 163 176 170 172 158 144 152 158 161 152 119 102 137 156 154 151 125  94 116 127 134 129 133 141 197 130  53  67  71  75  73  53  58  48 145 211 196 198 201 203 196 195 198 197 198 196 193 193 191 192 190 190 202 152  71  88  80  88 179 189 183 182 184 190 178 177 178 177 177 190 133 125 186 175 177 175 182 164 102 171 188 171 112 151 178 
198 199 200 200 200 200 199 199 204 171 153 155 155 159 155 152 144 176 200 166 128 155 166 153 113 109 144 128  98 119 103  94  87  86  86 150 181 177 174 152 133 139 144 140 135 149 130 108 123 146 150 116  93 115 124 111 102 150 145  91  55  76  73  69  74  73  70  57  43 128 212 197 200 196 193 161 178 204 196 197 196 194 194 193 191 190 190 194 193  95  77  83  78 166 192 181 183 185 159 186 177 177 178 180 176 103 169 182 175 175 181 168 130 149 171 182 171 159 141 148 
197 198 198 199 198 202 203 205 188 155 155 154 156 159 157 149 157 185 195 180 129 147 161 167 167 122 115 146 119 111 103  94  84  87  84 135 184 170 169 158 141 134 138 134 131 137 137 132 122 137 129 106 100 120 118 102 142 199 140  70  55  56  55  62  69  70  65  53  36 105 211 199 203 175 150 168 180 198 197 197 195 196 195 193 191 190 188 187 200 143  73  84  72 152 194 179 201 135  53 159 196 180 177 189 134 131 188 176 177 177 182 162 129 172 170 178 179 175 149 141 
198 197 196 197 201 186 178 175 153 151 152 154 156 156 158 148 169 198 192 190 132 143 163 163 176 161 133 146 122 105 100  91  83  86  84 113 183 174 169 170 153 151 144 141 145 150 153 164 150 149 134  96 102 109 120 142 183 167  66 101 116  84  57  47  43  50  56  47  32  91 209 199 202 177 155 148 150 189 200 194 195 196 193 191 190 191 188 188 197 157  74  83  72 133 193 193 156  59  81  91 160 181 187 169 105 178 180 177 176 177 177 178 160 120 131 190 189 131 122 184 
198 195 196 196 205 171 146 148 148 152 150 151 154 154 156 149 165 195 190 195 143 127 151 151 149 127 137 135 110 105  97  88  82  85  85  96 171 173 161 164 151 142 133 118 118 123 124 130 118 107 125  87  84 114 137 154 136 122 122  78  74  96 104 101  96 101  93  54  93 120 203 204 175 167 190 171 165 191 198 195 194 193 192 192 190 189 189 187 199 150  74  83  78 109 198 202 122  83  92  75  83  78 142 119  65 167 183 175 176 177 177 176 188 149 162 159 149 159 145 173 
185 202 201 202 190 156 148 148 146 148 150 150 154 153 154 184 193 191 191 197 163 106 104 104 111 121 131 112 103 102  95  88  84  84  89  90 117 122 115 117 104  86  80  72  70  65  63  58  57  53  48  76 121 155 170 130  94 131 136 131 105  74  60  69  75  71  51  90 122 129 200 194 158 173 206 174 176 201 195 194 192 193 194 191 188 189 188 188 197 145  75  84  81  79 114 122 145 147 132  85  68  80 122  73  63 115 190 176 177 176 177 176 177 142 154 111 138 120 148 141 
160 175 181 174 158 151 147 146 146 144 146 148 153 150 168 203 196 193 192 195 184  91  61  74  85  84 115 114 102  99  94  87  84  85  90  93  87  78  79  79  79  80  75  73  71  71  70  67  65  60  71 111 150 160 135  99 126 135 127 121 122 117 106  96  91  91 103 115 109 122 197 173 175 209 194 142 188 199 197 195 194 193 193 192 189 189 190 188 197 143  76  74  61  67  66  58  67  91  87 108  64 134  84  71  80  74 163 185 175 176 176 174 181 149 116 134 155 139 130 165 
158 157 155 155 152 147 145 143 145 143 143 145 149 148 176 201 195 192 191 192 196 103  58  66  58  85 123 110 102  97  91  86  82  84  89  92  91  81  80  80  85  84  80  84  81  82  81  73  73  74  69  61  59  71  81 114 141 130 126 119 115 118 118 122 122 121 118 121 119 125 195 190 154 201 206 179 171 201 195 195 191 193 192 190 189 189 188 186 206 138  77  74  60  71  55  62  79  83  73 146 150  77  71  79  79  65 111 188 175 176 175 175 177 174 177 162 119 152 187 180 
156 157 159 157 150 144 139 136 137 138 138 140 145 145 176 202 194 193 191 190 201 130  55  61  62 116 116 104  97  91  85  83  82  83  87  93  96  93  92  94  96  96  95  97  96  94  92  88  82  83  77  64  59  53  74 138 134 128 126 120 124  93  74  79  88  92  96  89  90  93 180 183 191 202 153 157 193 198 193 193 193 193 192 191 189 189 189 197 162  83  82  87  82  49  66 105  92  79  62  96 119 106  69  80  80  74  70 165 184 175 177 176 177 178 179 176 143 168 181 176 
157 157 157 155 146 137 138 146 151 151 152 148 146 146 164 201 196 194 193 191 199 159  57  50  96 122 109 102  93  75  80  84  83  85  89  92  97  95  92  92  87  84  89  87  87  90  91  93  93  91  97  95  93  88 113 141 129 127 123 126  78  60  57  36  49  46  35  52  55  48 150 178 157 171 169 192 201 196 197 196 194 192 191 191 189 188 206 196  82  51  78  89  77  96 119  79  98 104  76  44 140 204 112  63  80  80  64 115 190 176 177 178 177 177 175 178 186 182 177 177 
158 160 157 157 164 180 191 195 193 189 185 181 172 160 152 178 195 194 193 192 195 183  61  64 123 112 106  99  94  90  89  85  84  85  89  93  96  85  66  64  69  76  85  92  81  80  82  86  92  99  89  89  87  80 135 135 129 126 128 104  58  81  63  62  41  87  79  81  67  52 144 172 155 156 179 204 197 197 196 197 194 191 191 190 189 197 158 111  60  86  79  69  98 172 159 143 135  65  89  94 151 191 189 107  61  82  78  76 166 184 176 176 176 177 178 177 177 177 178 177 
164 160 167 170 168 168 158 154 155 155 157 165 174 176 175 170 190 201 198 198 196 196 156 115 118 107 101  98  97  94  88  83  82  83  89  94  83 135 175 155 163 164 152 155 144 151 152 160 176 184 160 168 159 128 133 132 129 125 129  85  74  65  66  76  38  91 106  68  53  56 146 190 165 153 181 202 197 197 194 194 194 191 191 191 200 168  71  84  83 118  84  58  94 110  80 119  93 130 189 190 183 177 181 189 109  65  82  69 127 189 177 177 176 177 175 177 178 176 175 174 
 84  82  86  82  72  70  76  80 102 137 162 175 188 197 203 206 205 204 205 205 202 213 190 115 112 105 101  98  96  90  86  84  83  85  89  93  82 130 212 200 196 175 170 174 171 181 201 201 190 183 198 198 204 163 128 134 128 126 128  55  50  51  51 100 113 101  44  24  61  65 126 171 183 200 199 197 196 196 196 193 194 192 191 190 202 158  64  82  74  83  95  90  58  72  86 104 131 183 185 179 180 177 175 184 191 111  64  55 131 186 175 176 170 169 168 170 170 171 179 184 
 86  96  93 111 123 118 130 153 163 192 205 203 200 196 197 199 199 195 192 190 196 195 120 108 109 103 101  92  90  89  86  85  84  83  88  90  85 103 184 187 183 167 156 162 159 159 176 185 182 161 176 183 183 131 132 137 133 130  72  64  91 101 101 102 112 105  46  45  82  43 114 212 200 201 198 195 195 196 196 194 192 192 193 190 191 194 141 114 129  74  68  73 100 166 178 187 192 180 178 177 178 179 178 174 178 182 135 115 171 181 176 174 182 188 197 195 160 166 194 186 
148 149 157 177 181 160 156 160 151 173 188 184 186 184 181 182 187 192 189 187 195 151 105 115 106 100  98  92  91  86  85  83  82  83  87  90  92  87 163 187 176 168 143 152 152 148 161 179 184 178 174 186 172 119 139 133 137  94  68 114 110 103  97  99  81  65  97 108 101  38 102 211 199 195 194 197 195 196 195 192 191 193 191 191 190 191 199 199 201 172 146 153 188 193 188 183 181 179 180 178 175 178 179 181 184 195 211 218 209 206 206 207 206 206 190 159  98  90 112 129 
160 160 164 174 180 168 157 158 158 168 183 174 178 189 183 186 177 175 183 192 175 111 114 104  96 100  89  94  91  86  84  85  84  85  85  91  95  83 143 180 169 167 145 142 136 145 152 177 179 168 174 187 138 118 142 132 127  76 104  98  82  98  50  40  33  20  88 115 105  59 105 218 211 200 198 195 192 192 194 190 188 192 191 190 190 190 189 187 186 192 197 195 188 183 182 181 178 182 184 189 192 198 191 192 180 174 170 149 140 143 141 129 113 107 106 114  99  96 133 152 
162 143 152 166 176 169 143 148 148 162 180 181 179 180 178 185 181 178 178 196 135 108 113 100  94  99  82  91  88  88  81  82  87  85  86  86  93  86 120 182 174 177 157 144 147 143 146 170 174 164 182 180 108 123 136 133 111  84 117  76  20  44  31  22  22  38  99  58  49  69 101 220 225 219 219 212 205 198 194 191 190 189 188 188 191 190 187 187 187 186 185 184 183 181 183 184 199 193 179 178 170 144 125 105 112 106 103  98  96  94  89 106 122 124 136 149 113 112 140 144 
161 141 137 152 170 169 155 157 148 162 183 185 182 184 180 173 182 182 192 169 111 113 106 106 104  98  97  92  88  86  81  80  84  84  85  86  93  86 101 177 179 178 163 148 147 142 152 183 191 191 202 190  96 130 130 132 101  92 120  98  67  76  86  70  45  97 115  48  38  61  82 193 220 215 219 226 225 223 218 211 205 199 192 190 188 190 190 187 186 186 185 186 189 186 175 180 161 128 113 153 157 156 158 164 172 167 167 161 165 168 149 153 159 151 160 162 136  93 132 146 
