COL=120
ROW=100
144 147 145 149 148 194 209 199 186 191 188 185 185 188 189 195 177  95  92  91  90  95  88  74  71  74  80  77  79  80  77  73  78  86  88  89  87  88  84  72 117 129 113  99 127 130 129 136 130 135 130 104  73 104 144 140 144 151 142 140 153 152 147 142 143 147 151 153 152 154 153 151 150 147 142 151 122  64  83 103 102 100  95  81  67  80  85  97  90  77  98 102  93  94  99 100 101  98  94  78 138 185 177 176 176 175 172 177 176 173 174 171 173 178 173 176 176 173 172 173 
146 145 150 146 165 208 201 198 199 191 188 186 186 187 189 192 194 108  82  93  88  89 102 106  91  75  67  66  71  72  72  78  82  83  87  90  87  86  87  75 100 131 114 100 114 114 111 140 140 136 136 125  96  73 120 140 141 145 137 140 150 150 151 145 145 146 146 151 153 153 155 154 151 147 145 143 145 120  82  81  95  94  93  80  73  80  84  92  92  78  93 103  92  91  93  98  99  97  88  78  84 160 182 172 176 175 174 173 178 178 179 177 169 170 172 176 174 175 171 168 
138 138 144 143 189 208 201 199 197 194 190 187 188 189 193 191 198 150  84  87  87  90 105 110 115 109 108  98  77  79  78  80  78  81  88  89  86  90  87  91  95 131 118  98 102 115 107 137 144 140 139 131 116  87  78 128 146 140 144 150 152 155 153 151 144 144 143 149 153 152 155 154 152 150 147 146 141 145 124  89  75  90 105  89  74  88  80  87  94  82  88 100  96  92  87  96  99  84  94 124  88  90 174 180 175 175 175 174 173 176 176 178 173 171 174 176 177 176 173 171 
148 129 112 146 209 203 201 201 197 194 190 189 189 191 192 191 192 182 132  99  93  97 105 112 113 116 119 120 114 119 118 109 103  98  92  86  85  91  88  86 109 141 128  99  93 107 124 143 146 142 140 133 122 107  76  87 141 146 145 149 147 152 151 152 152 146 145 148 152 152 155 154 154 151 146 148 147 141 141 121  85  77 101  97  70  81  84  86  90  88  90  97  96  94  93  96  97 109 139 145 117  72 106 184 177 175 176 177 176 173 173 178 179 174 170 171 178 174 177 174 
116 121 114 174 213 204 203 199 196 190 185 183 181 185 189 193 195 189 155 131  93  99 111 114 113 112 114 113 109 112 111 111 112 116 115 105 103  94  88  78 110 127 138 110  85  94 128 149 145 142 136 134 128 118 104  74 103 146 143 145 145 151 151 150 153 150 145 144 148 151 154 153 152 153 153 150 149 144 142 135 116  94  82  96  77  69  85  87  88  89  88  97  99  97  93  91 123 154 150 140 128 104  68 129 188 175 175 177 176 173 176 176 175 178 174 168 173 179 174 173 
149 142 160 211 200 191 185 179 173 168 167 168 166 167 171 174 178 185 158 150 132  91 101 112 112 110 111 109 107 111 108 107 105 109 111 108 114 113  97  96 114 122 139 134  86  85 127 152 143 139 137 135 133 129 125 106  78 119 149 143 144 148 150 153 152 154 149 144 143 149 152 155 153 152 155 153 149 147 141 140 134 117  97  83  78  71  85  81  84  88  85  93  99  88  95 142 159 148 138 136 129 123  96  69 150 186 174 178 175 173 173 175 175 177 176 173 168 174 171 174 
158 155 185 192 182 187 189 189 185 184 183 185 186 186 187 184 183 184 167 146 153 125  91  96 103 106 105 102 101 101  96  89  87  88  87  91  87  80  84 111 117 113 110 120 104  78 132 156 138 136 139 136 139 138 136 128  97  80 132 146 145 148 150 154 152 152 153 149 147 147 150 155 156 154 155 156 152 149 146 141 143 126 118 107  77  73  82  85  82  84  85  87  87 106 151 161 145 141 136 133 137 131 119  88  83 170 182 173 176 174 173 174 177 176 176 174 171 170 178 178 
154 159 184 196 205 204 201 196 193 189 185 186 186 188 187 189 190 193 179 143 148 149 129 108  88  99  98  90  84  81  76  78  93  98 100  97  88  84 102 114 112 109 111 113 108  83 135 147 140 141 140 144 148 147 142 134 123  91  87 141 145 148 150 150 152 151 155 152 148 147 150 152 156 158 154 155 153 150 150 144 141 140 116 117 107  82  81  85  86  85  78  71 118 166 159 143 141 141 139 136 137 136 131 119  83  98 179 177 176 176 175 172 173 171 170 175 174 171 169 175 
152 166 207 209 203 200 197 192 189 188 187 185 186 187 186 187 187 191 189 150 140 145 132 122 102  86  91  77  76  83 105 120 116 121 127 114 108 116 121 123 120 114 115 114 125 114 133 143 141 146 145 149 159 155 144 142 139 121  87 112 147 145 144 149 152 151 152 155 153 150 147 152 154 156 154 153 156 153 150 148 142 143 135 113 119 105  82  78  78  73  80 127 165 155 145 143 145 143 138 140 140 137 134 129 113  75 122 188 175 176 175 174 172 172 172 176 175 172 169 169 
154 186 210 203 202 201 196 193 190 188 186 185 185 186 188 188 187 189 192 162 139 145 136 124 123 102  95  94 101 110 128 127 121 117 115 113 114 124 127 122 114 112 115 113 128 133 140 143 146 155 157 156 156 151 147 147 149 137  96 101 133 149 147 146 151 154 152 156 157 151 148 150 153 154 155 154 156 154 151 150 147 141 142 134 113 114  98  84  61  76 147 164 148 143 142 144 145 143 143 143 145 141 137 133 126 107  74 143 186 172 177 177 175 174 174 176 174 174 175 169 
158 203 207 204 200 199 197 193 189 188 187 184 186 187 187 188 186 187 195 174 143 144 147 145 145 142 125 117 115 134 128 125 122 124 123 119 119 123 124 119 113 113 116 115 120 133 148 150 155 160 161 156 151 153 156 156 140 100  66  76  98 134 152 149 151 148 153 154 157 156 152 151 153 151 154 158 155 155 155 149 151 146 141 145 129 110 107  97 112 158 160 143 143 144 145 144 143 146 149 145 143 144 143 136 132 126  96  82 161 184 174 177 176 176 172 174 176 175 175 174 
175 209 205 203 201 199 196 192 190 186 187 187 186 188 189 187 189 192 192 186 149 146 145 143 143 143 139 145 115 104 128 126 123 125 126 120 121 122 117 116 115 114 116 113 114 135 154 160 163 162 156 155 156 156 158 135  90  65  61  61  59  91 150 150 148 152 152 150 154 156 155 151 149 150 153 156 156 156 157 151 150 150 142 141 145 120 108 140 165 153 144 144 145 145 146 146 149 151 149 147 144 145 143 142 139 132 120  82  92 180 177 172 178 177 173 173 177 178 176 175 
179 209 205 202 201 198 194 192 188 186 185 184 185 187 186 190 181 171 156 180 162 146 146 143 141 137 139 137 138 108 104 123 124 127 124 122 121 117 115 117 116 115 116 113 107 141 165 160 160 160 157 157 163 160 120  98  93  83  73  64  58  56 106 154 146 150 153 151 153 155 156 151 149 149 152 153 155 157 154 154 151 150 145 140 135 137 148 158 146 142 142 146 146 147 147 150 150 150 149 149 145 147 145 144 143 135 127 113  76 112 186 176 173 177 176 173 172 175 176 175 
189 206 203 201 199 196 194 190 186 186 185 184 186 187 187 194 163 141 143 185 174 144 146 143 141 139 137 134 136 137 109 109 121 125 122 120 121 117 119 117 115 114 116 113 102 143 168 158 158 160 164 166 154 119 100 109 110  98  89  82  68  61  59 117 156 149 149 150 153 155 156 156 153 147 148 153 153 155 155 155 153 151 148 146 139 136 153 150 142 144 144 143 144 148 150 151 149 148 150 150 150 147 146 145 143 140 135 131 115  74 135 187 174 175 174 176 170 169 175 177 
203 206 204 201 198 196 193 191 187 186 186 185 184 185 187 195 180 161 144 156 175 148 146 143 141 142 138 135 136 136 133 114 118 121 122 119 120 119 118 116 115 115 115 113 105 150 163 156 159 164 168 141 104 107 115 109 107 101 101 102  88  74  64  66 134 155 149 151 154 155 153 156 155 150 147 150 152 155 155 155 156 153 151 148 144 140 137 149 151 146 146 146 148 151 150 149 152 152 149 151 152 151 148 142 142 145 147 142 135 109  79 152 183 172 176 176 173 173 171 173 
209 204 204 200 196 197 193 189 186 186 185 183 186 186 190 179 142 157 173 144 179 156 144 142 141 141 137 135 137 139 138 119 116 120 122 118 114 119 118 115 115 114 115 111 108 154 163 159 164 163 126 100 111 116 114 110 108 108 104 104 104  86  70  60  84 145 151 149 153 154 155 155 157 156 147 149 153 153 155 155 157 155 153 149 147 142 138 143 153 148 149 148 152 151 148 152 156 152 148 149 153 151 147 147 150 151 153 153 147 133  94  90 169 183 173 176 175 174 174 169 
207 203 202 198 198 196 194 189 187 186 184 186 185 185 191 150 161 167 194 180 177 162 135 141 139 138 138 136 137 138 138 130  98 108 119 113 115 117 116 116 115 114 115 111 108 158 167 170 154 110 101 118 114 110 111 112 109 112 108 103 106 104  77  67  65  92 152 149 151 152 154 153 156 157 153 150 150 153 154 157 156 156 155 151 150 147 142 139 145 153 154 152 149 148 152 153 154 152 149 148 149 150 151 151 155 155 156 155 145 146 123  86 113 177 175 172 178 178 174 173 
204 203 201 199 197 195 192 190 189 185 185 186 186 186 190 153 163 191 194 156 179 176 106 130 140 135 136 135 136 135 134 124  81  93 115 115 118 116 115 117 115 114 115 110 107 162 171 145 104 101 118 118 115 111 110 111 109 111 110 109 107 105  95  81  70  60 112 154 150 153 152 153 152 156 157 150 150 152 154 158 156 156 156 154 152 150 146 140 139 150 160 155 155 155 153 152 153 154 154 148 146 154 162 159 156 160 154 154 151 127 109 104  92 128 186 175 173 178 179 175 
205 202 201 199 197 195 192 191 187 187 183 184 186 185 189 191 133 171 198 179 172 191  94  91 120 136 139 134 133 133 138 113  64  93 118 115 116 115 118 117 115 116 116 108 116 169 131 100 108 109 119 109 108 115 110 109 107 112 111 112 111 106  99  92  77  65  61 125 156 152 151 152 155 153 157 155 152 150 153 153 157 157 155 157 152 149 150 145 138 139 155 165 161 156 157 155 154 152 151 149 153 158 164 164 158 161 159 161 128  99 107 106 102  97 143 186 172 175 176 174 
203 201 201 198 196 194 191 189 187 185 185 184 185 185 192 164 159 193 191 169 158 196 130  72  90 106 134 143 143 148 145  92  59 106 116 113 114 114 115 115 117 116 115 108 128 130 108 115 111 107 120 107  95 109 113 108 106 110 112 110 110 110  95  89  93  83  70  75 133 155 150 150 154 155 158 158 155 153 151 151 154 158 156 157 154 150 150 148 143 138 142 161 161 156 160 158 152 152 157 160 158 160 164 165 158 164 159 102  95 108 109 107 103 106 101 161 184 171 176 180 
203 202 198 197 196 193 190 188 187 185 185 184 184 184 190 157 159 139 172 147 157 199 161  72  81  88  91 108 122 117 103  67  76 120 115 112 113 114 113 116 117 117 116 107 135 137 122 115 113 108 115 120  99  93 105 111 107 109 112 109 108 110  95  81  89  90  94  83  94 145 154 151 152 153 157 156 158 154 149 151 155 157 157 154 154 152 148 151 147 142 136 146 160 157 155 153 152 158 159 161 160 164 160 164 166 150  89  69  82  89  97 104 105 108 102  99 173 181 174 176 
203 202 199 197 195 193 190 188 188 185 183 184 183 182 189 173 136 152 142 164 188 194 185  93  81  85  77  74  81  81  79  90 105 107 114 115 113 115 115 116 115 115 116 106 136 153 120 116 117 110 108 118 116 101  93 110 107 109 111 108 107 106  95  74  80  89  91  91  85 111 152 151 152 153 154 156 158 159 152 146 152 155 159 154 153 152 151 152 151 144 138 139 149 155 149 152 158 155 159 164 163 162 163 165 135 100  82  82  79  80  79  88 101 104 105  79 118 184 176 170 
203 201 198 196 193 191 189 188 186 183 183 185 184 183 185 191 183 159 150 146 173 191 193 131  86  93  81  81  87  85  88  94  89  82  94 121 116 114 114 114 113 115 114 114 145 156 140 117 116 111 103 115 120 116  95  83  85  85  94 101 103 103 100  83  76  91  92  94  93  87 121 150 154 157 154 155 157 158 156 150 149 154 153 152 154 155 155 151 149 151 144 140 138 151 153 156 160 159 163 162 160 165 158 120 100 101 101  94  86  76  77  79  81  84  86  93  89 138 186 172 
213 212 210 204 198 191 188 188 185 184 183 186 185 186 184 188 185 136 164 168 180 189 190 168 107  95  95  95 116 110  82  76  81  92  87 111 120 112 114 114 112 114 111 125 151 151 152 130 113 114 105 113 116 117 103  76  78  65  62  72  84  99 105  89  83  92  94  92  95  91  90 137 155 153 155 155 156 157 160 153 150 151 152 155 154 155 155 153 150 151 147 143 139 144 153 157 159 162 161 158 165 145 112  98 105 103  99  97  98  92  85  80  83  83  87 103 103  95 154 184 
122 144 164 179 186 196 201 193 183 186 193 196 193 195 196 189 186 180 186 195 196 197 198 185 135  99  92  77  81  87  91 106 107 101  86 102 119 110 112 114 112 112 108 129 153 154 151 149 125 116 109 106 115 117 112  94  71  66  70  63  58  68  78  83  91  94  93  93  90  96  92  90 145 153 153 153 157 160 159 157 151 150 149 151 155 157 154 153 154 150 152 147 142 140 148 159 159 157 161 161 141 106 104 107 105 101 101  99 100  99  97  88  77  78  88  98  95  84  96 170 
 73  88  74  70  88 102 122 158 195 196 164 120 103 112 144 190 196 188 186 194 180 115 128 190 155 129  76  70  89 104 115 111 110  94  81 112 115 113 111 112 113 111 114 134 154 156 150 150 146 122 107 110 117 116 113 107  95  71  67  68  61  58  60  75  84  92  94  90  96 117 115  80  95 152 153 154 155 159 158 157 154 152 150 150 152 154 157 154 153 152 150 149 146 142 141 151 160 164 155 117 106 111 111 110 100  97 102 100 100  99  88  94  96  85  79  79  88  98 107 123 
127 146  90  76 124  98  44 134 207 114  61  77  94  83  63  81 172 197 189 185  83  76  84 124 175 135  96  83 116 118 113 112 113  80  93 122 116 114 113 111 114 112 123 140 154 158 153 149 152 144 113 110 116 116 113 104 107 100  76  64  64  61  61  65  67  70  80 111 134 133 120 104  70 112 158 153 155 156 157 155 155 155 153 151 150 152 154 154 154 154 151 149 147 142 140 139 155 145 116 113 114 114 113 116  89  81 102 101 101 100  82  92 103 100  99  99 101  99 104 105 
137 147  77 101 135 116  74 177 118  52 113 133 135 127 122  78  69 182 207 129  82 135 131 100 151 141 135  89  97 114 113 116 103  71 113 122 114 114 115 115 116 110 127 145 155 155 157 151 146 150 133 107 109 115 115 109 103 108 105  81  66  66  62  65  60  67 111 147 138 129 126 121  97  65 130 161 157 156 154 156 154 155 151 148 147 151 154 155 154 155 154 150 148 144 140 137 144 120  94 115 122 122 125  95  70  91  95 109 108  98  83  93 101 103 103 102 107 105  97  90 
154 138  69 112 138 108  94 151  64 118 131 133 126 121 138 138  74 110 198 101 119 131 125 120 113 143 144  98  85 103 114 107  78  84 123 117 114 115 117 118 114 117 131 142 157 152 157 155 153 147 151 123 106 116 115 113 108 105 109 101  76  70  64  52  70 134 152 143 135 128 130 126 112  76  74 146 158 155 156 155 153 153 155 154 148 148 152 153 155 152 154 151 148 148 144 137 137 146 116  92 100 105 119 114  81  77  75  89 118 112  86  94  96 100 100 103 107 110 111 103 
168 123  69 133 136 102 118 109  98 140 133 113  77  73 114 146 130  85 159 107 145 131  71 100 126 153 140 132  91  87 104  98  76 101 120 116 117 118 118 118 111 124 136 143 155 155 154 157 158 155 152 148 119 112 116 113 118 108 106 108  96  78  70  90 146 154 141 136 139 137 130 120 119 110  78  89 153 156 157 155 152 150 155 155 149 147 148 152 155 153 153 152 149 149 147 140 140 142 147 112  97  98  98 101 101 116 123 103 118 121  92 117 108  96  98  99 103 105 107 108 
162  97  83 154 144  99 132  97 116 143 134  74 146 151  80 133 143  94 139  94  99  83 137 132 111 150 135 137 118  88  79  81  97 125 123 120 117 120 118 114 110 131 137 140 147 153 157 151 156 155 151 153 144 111 115 118 120 112 109 110 105  88 122 156 151 141 140 139 142 139 134 128 129 123 111  75 106 160 153 151 150 151 152 155 151 148 148 151 152 152 153 153 151 145 147 148 141 136 144 140 106 105 101  80  86 104 110 119 126 116  92 130 126 118 112 105 104 103  99 102 
162  75 108 161 145  95 157  92 124 153 128  77 195 202  82 125 145 101 109  99 104 109 165 159 108 149 142 129 133 112  87  98 118 124 127 121 116 120 118 111 113 141 140 148 147 149 154 154 150 157 154 151 152 131 114 118 119 114 110 105 113 140 155 145 141 142 141 145 141 142 146 144 138 132 126 107  75 129 159 150 151 152 151 154 155 150 148 148 151 151 152 151 151 149 149 151 146 139 135 147 135 107 103  89 112  96  92  88 101  98  96 131 129 128 125 126 123 119 109 103 
152 115 145 164 145  95 187 100 114 155 147  90  97 103  83 143 151  96 108 174 137  99  94  98 128 149 157 128 134 120 112 124 117 122 125 120 118 120 118 111 124 142 135 151 152 146 153 153 153 152 156 155 150 152 136 118 119 114 110 122 150 152 145 143 142 144 143 146 145 151 149 151 149 141 133 125  97  75 141 154 150 153 153 154 154 150 149 147 149 151 152 153 151 153 150 149 149 144 138 139 149 131 113  94  79  79  84  85 104  89  88 111 121 127 131 127 121 119 124 117 
167 174 170 173 106 107 207 136  75 152 155 153 110 111 144 143 145  83 176 159  74 143 138 124 154 118 134 137 133 123 113 124 126 125 122 118 120 120 117 112 129 141 131 152 154 155 154 151 159 154 152 157 153 153 150 128 117 117 136 154 147 141 141 143 143 143 144 144 147 146 152 154 150 146 139 133 123  84  84 146 149 151 152 151 152 154 153 150 149 151 151 153 154 155 153 151 149 146 144 140 141 147 125 111  96  97  91  91 116  96  92 107 102 108 116 112 106 102  94 123 
178 176 168 112  74 174 195 187  79  96 167 164 165 164 164 158 103  89 196 193 108 141 175 167 161 123 142 132 133 131 114 121 132 126 123 121 119 122 117 120 133 138 124 156 155 155 152 154 148 157 155 152 154 154 152 146 129 146 153 147 142 140 144 139 136 138 144 149 146 148 153 149 151 147 145 139 130 113  77  97 154 150 152 154 154 154 156 153 151 148 150 152 153 155 155 154 151 150 146 142 137 142 143 121 117 117 116 114 113  93  99 115 111 108 106 107 104  96 135 181 
105 109  95  98 169 196 183 194 172  74  87 146 164 159 148 101  68 168 202 184  92  69 141 167 125 121 198 140 128 132 116 122 132 128 125 120 119 124 120 120 138 138 124 159 158 153 150 152 149 153 155 153 152 155 153 152 158 154 142 145 143 143 140 132 136 142 147 147 149 151 150 144 145 146 142 133 135 126 111  71 118 157 155 156 154 154 154 153 154 151 152 150 154 155 156 155 151 149 150 145 142 139 145 138 114 116 108  87 111  91 102 116 113 116 117 104 108 159 191 176 
171 159 167 193 195 186 185 183 194 183 112  85  86  96  89  99 171 197 185 178 169 149  89  91  90 164 200 161 126 129 123 125 131 130 126 118 119 123 118 121 143 135 130 157 154 155 152 154 149 152 154 161 154 152 152 149 152 153 148 145 146 143 140 144 147 145 147 148 150 148 145 145 144 146 143 135 134 132 125 103  80 133 158 152 154 154 153 154 154 154 152 150 151 154 156 153 152 151 150 149 144 140 139 146 134 116 105  87 115  90 107 114 117 118 103 120 178 189 173 170 
200 200 198 192 188 186 185 184 183 188 201 146 123 162 172 193 194 185 186 187 195 206 119 141 189 194 189 176 129 130 123 126 134 132 126 120 119 119 115 124 145 130 138 159 154 156 156 158 152 145 151 156 152 151 152 154 152 156 154 148 151 149 150 155 152 153 152 151 149 144 145 149 147 136 140 146 142 137 137 132  95  79 145 159 154 151 149 155 156 155 151 151 152 151 153 153 153 152 150 150 147 143 139 138 146 132 102  96 115  88 111 120 113 105 143 190 184 172 173 171 
191 189 188 186 187 185 185 184 183 184 183 142 191 198 191 186 186 189 191 192 198 178  87 164 200 186 186 186 144 132 120 128 134 133 130 119 117 118 117 127 144 123 139 160 157 154 156 154 156 150 147 150 153 156 153 152 152 150 150 157 154 154 158 161 159 161 155 152 148 147 146 142 144 139 139 148 153 147 142 136 127  86 100 154 154 153 151 151 156 157 154 151 150 152 152 155 156 154 152 150 151 147 140 136 141 146 122 116 111  87 118 111 110 162 193 179 175 175 173 174 
200 202 199 195 188 182 184 184 183 186 184 129 157 182 182 183 180 174 167 159 156 112  68 146 198 186 186 192 155 121 124 136 135 131 130 122 116 117 116 128 143 124 144 153 151 154 156 158 158 154 147 148 154 157 154 153 155 151 154 156 158 155 158 160 161 159 158 154 149 152 148 139 142 141 149 157 152 149 143 144 126  99  92 121 153 151 150 152 153 154 155 152 150 152 152 151 153 156 154 151 149 149 143 139 138 144 138 116 108  91 103 120 177 191 177 176 175 174 175 175 
164 142 146 171 199 195 183 183 189 194 196 184 147 147 152 153 148 142 147 164 188 119  66 112 195 187 185 190 172 127 135 138 134 133 132 125 119 119 115 126 142 127 152 151 150 154 156 157 156 153 152 149 151 154 159 163 160 157 152 151 159 161 158 157 159 158 160 155 154 149 149 144 150 151 151 160 156 154 152 117  94  98  99 100 126 149 147 150 152 154 155 154 153 149 151 153 153 154 151 152 148 150 147 142 136 138 143 132  95  88 134 188 185 175 176 174 176 178 174 173 
 85  90  82  72  98 174 198 184 167 154 151 155 159 147 143 149 161 186 199 181 143 111 111  81 171 194 184 187 185 146 141 139 135 136 136 129 121 119 115 125 142 125 148 152 150 153 155 155 154 156 155 155 151 152 157 161 159 161 154 151 152 162 157 152 153 157 157 150 156 149 151 153 156 159 158 156 160 146 107  94 100  98  97 100 100 134 151 149 153 153 153 157 154 153 152 153 155 153 152 154 153 148 148 146 138 134 140 149 107 142 196 182 174 177 175 177 179 176 174 177 
134 145 134 120  76  62 172 204 110  61  79  77  68  73  74  68  84 195 178  77  71  84  96  78 129 198 186 186 189 157 135 138 139 140 141 134 121 122 119 127 142 128 145 148 151 150 155 158 157 158 156 155 155 151 148 154 156 156 159 152 153 153 157 150 150 150 150 154 157 154 154 159 159 159 159 164 145  99  92 102 100  97  99 102 104 108 141 150 149 150 153 156 157 155 152 149 150 151 155 154 152 151 149 148 145 138 136 140 153 191 181 177 178 175 178 178 174 177 178 174 
147 146 146 137 137  76  83 200 109  86 129 125  66  88 117  98  84 188 111  82 129 122  96  94  90 186 192 185 190 168 136 140 133 128 124 128 127 123 121 127 141 133 143 146 150 150 154 156 157 161 160 157 158 150 146 154 158 157 159 161 158 153 158 158 151 150 147 155 155 160 161 159 153 163 171 132  92  95 100 100 103 103 103 105 110 115 124 149 153 149 152 151 155 155 154 151 149 152 153 152 153 154 149 145 149 145 141 143 144 154 181 178 176 178 179 175 176 179 177 177 
117  80  93 137 144 130  69 161 125  90 136 137  70  89 129 110  90 162  89 128 132 126 103 122  71 146 198 185 187 181 129 102  85  92 101 125 132 126 120 126 132 137 144 139 151 158 152 154 156 158 156 159 157 153 155 154 155 158 154 158 155 157 156 158 153 150 147 153 159 158 162 159 168 165 107  83  98  98  99 103 105 108 108 108 109 111 100 117 152 152 149 153 152 155 155 153 150 153 154 153 155 153 152 147 146 149 147 144 144 140 161 185 177 178 177 179 178 179 177 179 
 86 152  94 103 154 147  87 131 128  90 139 134  75  92 135 118  95 149  99 136 137 101  69 161  93  95 191 188 187 189 123  96 110  95 106 134 130 124 120 126 131 138 148 143 146 149 149 153 155 154 158 158 157 155 152 149 151 156 164 155 158 156 150 157 160 157 157 156 161 158 157 171 152  81  71  98  98  96  99 103 105 107 107 105 107 104 103  95 129 153 149 151 152 156 157 153 153 151 154 154 152 151 153 154 150 152 151 145 143 141 141 169 181 178 178 178 175 179 177 179 
130 236 151  83 151 155  93 123 130  95 147 136  77  88 138 123  96 160  97 130 143 101  73 127 106  72 158 196 184 192 158 110 101  86 116 135 129 124 118 122 135 130 147 151 139 143 149 152 151 155 157 158 160 159 153 150 150 152 158 157 156 157 158 153 154 166 166 163 160 158 161 136  79  64  96 101  98  97 101 104 105 103 106 104 104 105 110  99  99 136 150 150 151 152 155 157 155 154 151 152 150 153 153 154 154 151 153 150 144 142 138 143 176 184 175 178 179 179 178 176 
 90 145  90 127 163 157  90 139 138  93 151 149  84  87 140 130  88 174 120 107 146 141  96  81  87  76 111 197 185 190 174  88  92 120 134 135 133 124 117 116 139 141 110 152 146 142 144 150 150 150 153 155 158 158 156 153 150 151 153 157 160 154 154 156 152 159 172 163 168 162 114  78  75  80  96 100  99 100 103 105 105 101 103 107 104 101 111  99  94 118 152 154 152 155 157 161 161 158 154 153 153 153 156 154 155 153 151 152 149 141 140 141 151 181 182 177 179 177 176 176 
122  95 120 165 161 150  76 175 140  93 152 157  87  88 150 142  89 162 147  74 139 154 109  82  91  86  80 168 195 186 187 130 135 141 138 136 133 124 121 117 138 126  79 119 161 147 141 142 151 151 152 155 157 154 157 155 152 148 150 153 157 155 157 158 151 152 164 172 155 104  84  92  84  78 100 104 102 102 101 103 103 104 103 106 101  99 117  95 100 110 123 148 153 154 158 158 162 159 154 153 152 154 155 156 158 156 150 150 152 145 141 140 137 156 184 179 179 175 176 177 
162 167 160 159 166  86 108 206 139  94 159 151 121 121 150 149  91 158 107  86 141 155 122  76  85  89  75 117 197 183 187 166 136 140 141 138 131 126 123 116 141 137  95  85 134 152 144 144 148 153 156 155 153 154 154 157 155 150 149 154 154 156 155 157 156 153 151 153  98  94 101 102  83  90 106 105 105 102 103 104 104 106 104 104  98 103 124  91 102 109 102 129 156 154 154 156 159 159 155 154 153 152 154 157 156 155 162 152 151 149 145 141 140 139 162 184 177 178 179 177 
169 168 162 141  79  90 187 198 163  73 149 163 156 153 156 141  81 180 117 122 155 163 116 130 103  74  87  84 173 198 146 154 139 143 142 140 135 124 118 110 132 137 120  95  88 146 150 139 144 146 152 155 157 158 156 156 154 153 150 152 155 155 155 156 155 153 151 146 123 112 110 104  79 105 110 105 102 101 102 105 104 104 106 104 100 106 118  95 103 108 102  99 137 158 153 153 153 158 157 156 154 152 154 151 154 149 148 152 149 149 149 147 143 142 143 171 182 178 177 176 
104 104  97  85 124 190 191 184 193 100  77 154 164 165 151  73 107 205 126 119 181 154  80 180 188  93  76  77 116 208 135  92 143 143 140 139 134 119 114 106 130 142 137 122  89 106 155 147 140 145 154 150 153 153 155 155 154 157 153 152 150 151 157 156 152 156 156 159 154 121 121  99  84 112 109 107 105 102 102 105 103 103 106 105  98 109 116  91 106 106 104  95 104 147 157 153 156 157 160 155 155 155 153 153 151 152 147 154 153 149 151 150 145 142 141 148 176 181 177 176 
150 145 154 178 198 187 181 183 189 185 106  83  97 102  82  97 181 201 142  77 112  75 125 198 196 183  95  73  81 181 157  84 134 143 140 143 131 112 110 103 132 153 145 137 117  86 118 159 147 144 145 150 150 149 154 158 157 158 159 152 150 158 156 156 155 158 161 157 153 145 120  94  92 112 111 107 103  99 101 104 100 100 103 106 100 109 111  87 108 109 103 102  95 116 156 156 155 156 156 158 157 155 152 152 153 153 156 154 155 152 151 150 148 142 140 142 155 182 181 179 
198 198 196 192 185 183 183 182 180 188 193 165 144 143 162 193 189 185 182 140 125 153 194 187 182 196 182  95  72 115 199 139 114 144 141 129 103 101 112 109 144 150 146 144 132 107  82 132 159 145 138 143 154 155 154 156 156 155 157 156 149 151 155 155 157 153 157 160 148 157 132  85 103 111 110 107 104  98  98 101  99 100 100 105 101 106 104  93 108 107 106 100  94 101 125 157 156 156 153 157 159 157 156 150 152 150 153 156 155 154 151 149 150 144 140 141 141 162 184 180 
188 186 185 183 185 184 183 182 181 181 182 187 193 192 188 183 182 182 186 194 195 195 187 184 186 186 196 114  68  83 124 101 130 128 105  93  91  97 110 107 148 150 147 145 135 124  98  87 140 153 143 144 143 152 150 150 154 155 155 157 152 147 151 155 154 159 157 156 153 150 157 106  94 114 112 109 105 101  99  99  99  99 101 106  98 103 103  95 107 107 102 102 133 122  93 137 159 153 152 154 156 157 155 152 148 151 154 156 156 155 154 150 149 149 145 140 141 139 169 185 
188 187 185 184 184 183 182 183 182 181 181 181 179 181 181 180 182 183 184 183 183 184 184 185 185 187 189 124  89  82  72  80 119  90  67 100  98  93 110 110 157 153 149 145 140 133 125  90  92 150 151 143 143 148 154 151 148 153 154 154 160 156 148 153 155 156 158 155 157 153 155 149 104 107 113 111 107 103 103 101 101 100 100 103 101 109 102  93 107  95 111 157 166 144 112  98 148 158 149 152 153 154 157 152 150 153 156 154 154 155 158 154 152 151 148 145 142 140 142 182 
188 187 184 185 184 183 184 182 182 181 181 181 179 181 181 182 183 184 185 185 186 185 185 186 185 188 185 135 132  76  74  77 103 112  81 101  88 113 109 121 160 151 147 146 143 139 132 115  79 105 155 147 143 143 148 150 149 151 154 155 158 157 153 149 155 155 155 156 155 157 154 160 145 106 109 110 111 107 104 102 101 102 101 102 103 113 106  90  92 123 173 174 158 153 139 103 109 152 152 151 152 155 158 154 153 151 153 154 153 156 155 155 152 149 151 147 143 140 142 155 
188 186 184 183 184 184 184 182 181 181 182 182 182 183 182 183 183 183 184 185 186 185 186 185 186 187 183 127 170  93  65  78  90 139  97  56  88 124 104 129 159 147 147 149 150 144 133 126 104  75 121 157 145 137 143 147 150 147 149 154 156 158 156 150 150 151 152 158 158 156 154 150 159 133  99 108 106 103 101 101  98  99 102 103 101 112 102  75 142 186 175 163 162 155 152 136  91 113 158 152 150 152 155 161 157 152 152 153 155 155 156 156 153 152 151 149 145 141 141 144 
186 186 185 184 184 183 181 182 182 180 181 181 181 183 182 182 185 184 186 186 185 185 184 184 184 188 183 123 188 129  74  94 131 177  86  65 114 117 105 132 156 148 152 150 144 141 133 132 128 104  83 142 156 141 143 147 150 154 148 152 154 157 156 154 152 149 155 157 158 152 156 158 153 158 114  88  88  95 103  99 100  99 101 103  99  92 103 149 189 175 168 167 164 162 159 148 122  93 131 159 151 149 153 156 157 155 153 151 156 154 154 156 155 155 154 152 150 147 140 141 
192 189 187 184 182 182 181 181 182 181 182 179 180 181 182 183 184 185 185 185 187 186 186 187 185 188 179 122 187 129  66 117 147 161 136 108 126 115 105 142 159 151 148 146 138 138 141 145 140 132 101  91 149 152 140 140 147 151 151 154 152 154 156 155 156 153 150 151 153 156 155 157 153 152 154  89  74  88 107 104 100 101 102 100  87 113 182 190 176 178 174 174 177 171 163 156 149 116  93 143 153 150 151 155 161 158 155 153 152 155 154 154 155 156 153 151 153 146 144 143 
171 181 188 190 189 189 185 183 181 181 182 180 181 182 183 182 182 183 185 185 186 185 186 184 184 188 181 122 197 123  60  97  86 155 180 120 120 111 108 148 158 154 150 152 146 148 153 151 146 137 123  94 106 151 146 141 145 147 149 150 152 151 156 156 156 158 155 149 155 158 157 152 156 151 154 153  94  83 108 103 100  99  98  97 141 197 187 174 171 167 160 159 158 153 152 156 154 142 107 109 151 154 154 158 152 157 159 154 151 153 155 155 155 155 153 151 148 151 148 144 
138 134 135 143 157 171 185 193 190 186 182 180 181 183 182 181 181 183 183 184 186 187 187 188 190 189 179 119 156  99  65  83  86 181 187 129 117 111 107 149 154 150 155 160 157 153 157 151 145 144 142 110  82 123 153 143 141 144 148 151 150 153 153 151 157 159 155 154 152 153 157 160 155 157 150 159 128  90 105 101 103 102  99 122 145 127 122 121 119 117 116 109 110 108 107 116 124 129 132 121 128 143 147 150 142 150 164 160 154 154 155 154 152 155 154 154 151 151 150 146 
190 183 177 173 156 133 125 134 161 184 191 189 184 186 188 190 192 193 194 190 193 194 191 190 187 188 182  94  87 134 117  67 103 187 189 145 121 117 112 149 157 149 155 159 161 161 157 150 153 151 112  90  91  89 132 158 143 141 145 147 149 153 155 156 156 156 155 155 153 152 154 158 158 157 161 157 162 129 106 109 107 103 104 100  91  95  98 102 108 112 116 124 131 131 123 120 114 113 117 118 117 117 119 126 129 130 137 146 149 153 153 154 155 156 155 156 154 151 152 150 
190 196 196 158 118 102  92  68  67  88 128 161 176 177 166 153 146 136 132 164 129 111 108  95 110 190 185  81 135 187 146  45 104 194 189 171 125 119 116 152 155 152 157 161 163 158 150 161 146 104  91  94  90  88  95 144 153 141 140 145 147 153 152 151 155 155 157 154 154 150 157 165 165 150 138 124 112 106 107 109 110 110 106 105 115 119 119 122 126 136 138 140 144 144 146 140 133 130 132 125 124 123 117 120 119 118 111 107 120 125 131 141 149 152 159 160 156 151 151 151 
208 174  95  84 119 141 152 150 128  89  67 113 143  89  81  95  94  99  84  88  88 129 137 133  97 180 183  91 118 163 145 115 178 190 195 153 122 120 118 152 156 162 165 164 157 157 168 144 103  99 103  99  92  94  92 106 151 148 141 141 146 145 148 149 152 154 154 161 162 157 147 129 108  94  91  96 101 109 111 116 117 111 112 122 128 124 121 131 133 141 138 135 123 118 128 130 128 113 105 114 121 121 115 114 116 116 117 108 109 111 114 115 127 134 139 147 155 160 157 149 
177  72 105 164 168 169 166 165 168 168 131  68 139 159  78 149 163 167 161  80  85 168 173 173 114 170 181  97  96 150 154 132 191 202 130  80 123 123 129 160 165 169 163 159 162 171 133  96 102 104 105 104  97  95  94  91 115 156 146 139 142 146 148 149 152 159 165 160 139 111  92  88  93  96 101 105 108 109 111 117 115 114 117 122 120 111 122 131 134 136 128 134 132 119 127 126 122 113 101 101  99 102 100 103 110 116 123 135 124 116 113 112 109 113 117 121 124 132 141 147 
 82 117 167 157 150 151 153 151 149 154 170 131  61 173 124  99 157 150 161 126  71 145 158 160 116 163 183  77  94 147 157 120 176 144  67 101 124 120 138 171 166 160 158 169 163 118 100 106 104 107 108 104 100  98  96  95  89 131 158 143 141 145 151 159 156 145 122 101  89  90  95 104 108 111 107 100 100 107 113 111 125 137 138 131 126 129 135 133 135 136 141 139 132 131 148 136 119 113 123 113  93  98 104 100  97 109 112 120 134 130 121 120 111 110 114 111 118 119 115 120 
 92 162 151 147 151 153 146 153 149 144 148 164 109  96 179  78 137 153 149 151  88 133 158 157 119 150 177  82 115 147 143 136 101  73  99 112 121 120 140 171 157 157 174 152 109  98 109 103 102 106 105 104 102 100  98  95  90  90 143 155 148 149 145 134 109  88  84  91  96  97 105 109 107 113 125 118 111 116 124 131 130 126 133 131 139 138 139 131 130 138 142 127 127 141 149 139 122 122 126 118 106 107 104 106 104 110 112 111 119 125 129 131 131 125 119 113 122 123 119 122 
131 151 145 150 145 101  92  99 132 152 143 148 150  82 164 129  92 148 139 151 121 119 154 153 117 138 167 110 110 130 133 138  78  92 117 109 120 104 134 161 163 170 137  86 106 118 104 107 102 101 100 104 104 103  98  95  92  83  99 155 144 116  95  86  88  94 104 100  97  99 106 108 104 116 122 121 116 109 114 114 117 112 107 109 117 115 110 108 112 127 130 141 158 146 120 128 147 148 130 109 111 116 105 104 106 112 118 113 109 109 108 110 112 121 123 120 124 120 125 121 
140 139 139 150  89  87 117  65  64 135 144 139 152  99 127 191  88 113 140 139 129 109 140 144 118 130 155 126 128 105 130 129  94 106 116 111 119 109 151 170 167 125  98 102 108 118 104 110 105  99  97  98 101 101  94  91  85  92  98 102  88  82  88  93  96 102  99  96  95 101 109 110 104 104  96  95  97 101 110 104 104 104 112 108 104 113 117 112 115 124 137 143 134 128 122 126 147 162 143 121 116 112 113 111  95 105 119 113 117 125 111 105 105 103 117 130 132 127 113 114 
134 131 135 123  89  72  68  88  61  93 138 135 144 114 115 194  91 102 131 129 123 101 130 139 119 119 146 134 159  76 107 130 102 104 119 114 130 128 174 155 109 100 112 111 107 120 108 109 105  99  99  93  94  95  91  93 117 101  87  81  88  92  93  95  98  97  96 101 110 113 105  97  94  96 111 105 109 114 121 127 123 119 114 106 102 105 114 101 113 117 112 102 101 110 119 112 117 138 150 127 120 120 112 106  95  96 129 111 127 129 120 105 106 116 121 126 132 141 135 125 
129 123 130 100 118 131  46  88  71  86 134 127 136 114  95 119  88 125 123 125 127 107 124 134 121 109 133 137 192  81  84 119 104 101 125 116 152 137 140 110 112 110 113 115 105 116 112 105 106 100  98  94  89  93 106 115 109  90  86  88  89  91  96  90  93 100 107 100 101 102  98  95  98 120 139 122 119 120 130 143 141 149 135 114 104 106 109 105 106 118 112 115 126 119 120 118 115 145 137 106 105 107 111 119 120 116 109  89 102 116 120 119 106 102 112 119 123 120 126 135 
118 115 123 115  84 159  74  57  64 101 125 119 131 104 104 101  97 125 118 123 101  88 120 127 119 103 121 147 152  77  96 110  99  91 128 118 157 150  94 118 123 112 113 114 108 110 114 106 108 102  94  94 110 112 107  98  88  97  95  91  95  96  94  92  95  96  93  99  97  98 101 111 130 129 131 135 135 143 145 143 145 154 139 127 125 126 139 131 114 105 123 121 147 135 121 115 107 128 133 129 114 101 114 131 135 117 104 103 103 105 105 115 118 101 104 107 125 129 125 123 
110 106 109 119 100  77  80  58  87 113 113 114 125  89 138 118  96 119 114 116  86  81 105 108 109 102 109 129  96 102 107 100  96  91 127 119 143 162 110 116 126 114 113 115 110 105 109 106 109 101 103 123 125 103  93  97 105 108 107 106 101  93  87  90  93  96 103 102  98 109 129 147 142 143 148 151 145 141 140 138 140 146 141 141 147 143 131 138 113  88 128 118 131 119 108 105 105 122 124 130 119 105 108 105 106 109 113 114 109 110 110 116 128 120 116 111 109 115 123 122 
 86 110 110 105 107  93  97 101 110 115 114 115 108  78 177 128  87 114 114 110 108 101  99 105 111  92  86  85  88 105  96  96  96  92 126 124 133 161 126 121 127 116 112 113 110 105 103  98 102 112 121 109  90  92  98 103 105 105 108 108  97  86  85  90  92  95  99 118 128 135 148 149 148 153 158 159 156 148 149 145 132 130 127 126 120 113 119 115 125 130 116 117 129 106 103 107  97 119 123 108  95  95  93  94  98 107 110 111 118 121 118 124 133 132 131 124 126 117 100 105 
 66 100 107 100  94  98 109 103  98 106 105 115  70 111 204 153  74 114 117 112  99 108 110 107 106  90  75  80  92  94  97  96  80 105 132 128 127 135 132 131 125 122 110 112 112 105 101  96 116 117 104  93  93  97  94  96  97 101 106 111  99  86  88  96 111 119 112 125 136 153 149 149 155 161 163 154 156 142 139 139 143 143 127 131 133 133 121 129 123 127 134 122 114 110 107 105 103 101 108 113 106 102  95  97  97  99  97  98  90  91  97 118 135 135 137 133 136 132 121 118 
113  64 102 101  96  96 102 104  97 101 102  79  83 187 191 188 106  74 108 108 102 106 111 100  99  92  80  82  87  82  86  78  86 123 130 128 123 125 132 132 122 122 112 104 104 101 102 117 116 102  97  97  94  91  90  90  92 102 112 109  87  90  96 101 109 114 125 134 135 143 156 156 151 135 126 150 150 139 135 131 141 148 142 147 143 134 119 115 118 129 130 122 125 119 116 111  99 103 104 106 106 113 107 103 104 104  96  91  76  65  88 115 133 135 129 126 138 136 133 124 
195 119  63  74  89  96 100  98  92  83  67  94 180 182 170 190 187 102  70  86  91  96  91  85  81  79  71  88 124 102  88  94 122 128 122 129 127 134 140 132 122 122 121  90  79 104 120 110  99 100  98  95  94  88  94 102 106 108 116 106  93 101 108 112 113 119 138 148 152 162 146 129 118 109 106 146 151 146 149 144 140 137 152 139 135 125 111 120 122 123 129 124 123 125 117 124 115 107 110 114 115 115 118 120 110 109 106 112 102 111 146 140 120 130 141 132 133 139 141 145 
188 196 155 101  78  73  80  77  78  94 140 195 199 133 126 183 191 194 147 118 104  99  95  99 108 119  73  95 134 125 122 127 122 120 125 136 136 139 143 134 122 121 112  78  80 123 111  99  98 103  97  91  89  89 105 113 109 111 117 104 102 114 128 136 131 135 155 146 140 154 147 134 129 136 140 150 152 160 173 156 140 140 145 147 142 120  99 118 115 124 127 132 130 136 131 132 125 119 131 133 131 131 131 136 132 122 126 138 129 140 147 116 111 127 144 137 131 140 145 142 
183 182 193 190 176 134 102 158 171 186 195 162 142 147 151 145 129 178 197 190 187 183 183 187 189 203 115  67 128 124 126 128 123 123 130 138 151 152 146 138 123 117  84  97 123 112 101  93 106 110  99  89  91 100 108 110 115 118 110 106 112 126 136 154 133 135 131 140 149 132 138 146 154 150 146 147 154 151 150 133 130 141 140 148 155 135  87  87 108 125 135 122 136 146 143 140 116  99 133 120 112  94 101 122 106 106 113 115 114 112 114 103 122 121 126 132 131 133 132 130 
185 183 179 181 200 140 145 200 187 186 179 130 147 113 141 118 162 150 186 181 184 183 186 185 184 191 170  57 102 133 134 128 125 123 131 132 159 168 142 147 127 118 119 119 111 104 100  99 104  99  97  93 102 110 118 130 125 111 120 116 120 130 137 125 133 143 126 134 140 155 124 134 160 171 171 157 135 128 128 134 146 145 116 133 146 130 100 102 121 128 121 120 116 136 159 151 107  78 102  93  90  97 104 104 111 117 100  99 102  92  96 106 111 125 129 122 123 131 127 128 
183 183 182 185 181 111 174 186 179 180 185 155 159 163 156 164 164 166 190 180 183 183 183 182 184 184 198 106  70 132 125 126 132 127 132 132 154 184 152 152 132 111 118 111 112 107  98  93  94  94  97 106 113 125 122 114 114 121 129 139 147 155 138 130 132 148 147 124 125 126 131 156 145 147 146 159 173 170 174 181 156 144 147 137 117 127 127 135 129 141 121 129 118 113 136 115  85  94  70  79 111 125 109  71 113  97  74  69  77  68  70  73  82  91 108 120 125 124 124 119 
182 185 183 194 141 125 191 179 181 180 185 174 108 163 193 187 119 145 179 185 181 180 182 183 182 181 193 171  56 109 132 124 131 129 127 128 133 189 164 154 142 118 110 117 118 103  93  89  85  95 107 112 123 123 120 130 143 140 146 135 151 146 127 138 129 118 134 101  99 116 122 113 108 103 107 119 139 145 128 160 194 159 154 160 133 137 140 147 154 158 142 162 150 103 104  94  83 106  95  91 100  95  86  90  90  70  82  80  65  64  65  64  68  69  69  75  88  98  97  99 
181 183 186 181 112 173 187 181 180 184 176 134 159 176 183 180 170 156 142 185 181 182 183 182 183 184 183 201 109  63 134 129 125 124 124 127 135 179 178 140 114 109 130 127 102  90  92  92  94 112 113 111 114 136 128 130 132 108 108  96  77  70  62  76 100  87  88  96  93  96  92  98 114 100  97 106  99 128  97 113 184 178 169 170 150 158 168 160 156 168 160 164 121  97 110 105  96  90  90  66  54  65  59  66  71  72  86  84  65  66  62  64  61  63  72  73  65  86  87  75 
188 182 194 141 135 193 182 182 181 185 174 130 170 170 182 185 176 159 141 183 184 183 182 183 184 183 183 191 183  62 105 135 125 127 125 133 132 153 161 113 105 123 131 114 103 100 105  94 109 115 104 125 105 103 114  97  93  82  69  71  67  66  67  72  64  54  67  74  79  75  81  72  71  74  67  66  63  92 113  87 131 169 181 190 158 156 178 148 140 163 166 169 131  99 102 110 104  75  59  56  57  55  58  61  67  66  60  67  68  64  67  65  65  72  71  68  76  86  94  90 
182 191 174 107 180 186 181 180 181 182 184 168 132 124 192 193 152 117 184 184 181 181 183 183 184 183 183 183 201 134  52 126 132 133 132 134 138 137 122 119 123 121 113 108 104 112 109 106 115  99  88  86  86  87  86  78  90  86  70  66  72  77  76  72  61  62  68  74  91  88  82  83  84  77  68  75  71  48  77 100 113 118 178 193 175 159 160 155 152 151 142 165 145 111 121 108  74  61  59  58  59  70  63  56  56  75 101  94  81  66  72  70  68  70  68  83  91  84  80  85 
 77 142 126  63 164 190 178 182 182 180 180 192 156 166 161 151 160 154 167 185 180 182 183 183 182 183 190 184 186 199  87  67 139 133 131 129 129 124 123 134 122 112 115 107 111 111 110 106 100  85  72  62  61  64  62  71  85  77  65  65  65  70  67  68  87  85  84  86  94  90  89  91  81  68  60  63  65  62  46  98 131 135 157 174 188 177 143 149 163 144 146 155 125 110 109  72  61  52  65  66  64  71  66  64  63  68 116 133 105  87  83  77  77  75  76  89  91  80  85  82 
 94 128  77  67 110 194 183 181 181 178 180 184 147 161 114 147 121 154 136 186 183 183 182 182 190 180 164 182 182 193 183  56  86 140 129 126 123 128 124 115 110 111 117 122 114 106 105  91  86  72  60  66  74  66  62  68  67  67  63  65  64  64  66  65  89  87  82  90  94  86  83  81  72  71  62  57  59  69  39  88 138  94  87  87 177 176 141 142 116 112 140 158 123 108  78  64  64  69  93  86  73  71  71  75  73  65  67 110 118 101  85  81  86 102  97  78  78  83  86  73 
138  87  74  84  72 161 191 180 180 179 181 185 161 123 142 158 151 138 162 185 181 183 184 182 173 161 120 179 194 180 201 163  43  96 132 125 131 124 101  98 108 106 131 133 109  98  91  80  73  65  65  82  90  75  69  68  61  64  65  66  60  61  65  59  63  76  73  90  92  73  64  66  68  73  73  70  71  64  38  62 109  89 110  99 153 168 154 143 116 112 156 160 132 102  86  74  52  82 102  71  73  79  72  70  72  75  77  60  95 102  89  89  89  91  90  91  87  87  79  81 
 78  76  82  82  70 106 192 181 180 180 181 181 182 182 174 124 147 191 186 180 183 183 189 166 132 134 155 151 161 187 182 204 142  54 116 132 132 106  91 104 101 115 120 110 107  90  72  69  66  60  73  93  96  77  68  63  65  72  67  67  65  65  66  69  71  70  77  86  79  68  72  67  61  73  81  74  61  59  62  49  75 101 108 166 202 157 116 120 115 128 151 144 125  99  78  63  52  71  85  63  90  89  69  71  71  72  77  76  78  94  95  86  84  81  87  91  93  91  77  73 
120  71  82  84  80  72 163 189 180 181 181 181 182 182 182 153 169 185 181 180 182 183 187 168 163 140 135 128 153 183 186 184 206 135 115 130 114  95 102 119  96 103 110  93  86  71  63  60  60  70  88  86  76  73  75  72  76  79  67  63  67  76  68  77  84  93  91  77  76  80  82  70  67  76  83  66  60  71  75  62  86  82  64 127 205 138 122 137 128 117 136 134 102  87  66  56  67  95  82  68 104 108  82  76  76  80  73  82  81  90  96  83  73  76  81  80  84  91  83  78 
213 127  65  83  84  69 112 194 180 179 183 182 181 180 180 189 186 182 181 182 182 182 186 181 139 175 166 170 156 181 193 198 157 118 134 122 102 105 125 115  96  91  89  96  83  88 105 100  83  80  77  64  69  77  75  74  83  79  74  70  73  73  80  91  93 107  94  79  80  80  79  74  78  84  76  67  69  73  72  50  93 134  95 143 181 141 148 140 137 143 130 123 107  74  68  60  64  83  75  68  79 103  88  78  95 104  78  73  77  80  82  79  75  78  76  78  82  80  79  85 
194 197 121  62  83  84  77 164 190 180 180 181 183 183 181 183 182 182 182 183 186 183 176 138 132 172 202 190 174 189 182 167 111 118 134 119 103 114 113  95  98  92  70  82 107 120 135 135 104  73  72  77  81  71  85  98  92  80  73  69  74  62  84  93  89 114 113  93  71  76  90 100  96  92  82  72  66  63  61  52  74 123 127 157 189 169 161 136 138 149 130 116 102  87  70  58  73  76  66  77  79  81  76  75  80  89  80  79  77  79  85  79  75  78  94  93  82  79  75  75 
181 184 195 123  66  84  72 127 195 183 183 180 180 180 180 179 179 178 179 178 166 178 184 188 201 191 148 154 158 148 127 108 116 119 117 107 108 105  98 102  86  69  76  88  89  76  70  81  89  99  90  78  78  79  95  96  93  86  75  66  84  94 102  92 102 132 113  77  72  77  79  99 104 105 105  77  61  57  61  58  49 118 135 127 180 162 146 147 151 139 121 108  92  97  85  57  79  75  68  76  72  67  71  81  94 100  88  79  80  91  92  89  91  96 106  92  82  89  90  81 
183 182 188 197 120  69  60 134 191 177 176 176 174 175 175 177 187 189 196 191 166 182 183 170 165 140 105 132 155 166 136 111 106 103 109 106 102  98 111  87  62  61  67 112 120  80  90  98 114 107  89  80  78  85  79  75  78  87  97  92 107 111 105  98 114 107  73  85  85  75  79  98  97 109 107  73  56  56  58  56  51  92 116 134 180 188 152 144 146 123 105 112 105  81  74  76  87  81  85  73  53  84  92  87  87  91  98 102 102  98  95 102 101 117 109 103 106  98  96  91 
184 181 176 181 192 147 129 183 186 180 190 196 206 192 157 179 195 180 154 139 120 142 155 159 170 172 132 130 163 151 112 109  92 101 119 109 106 102  88  64  61  67  67  99 106  86  96  91  93  88  98  90  82  84  82  84  87  97 107 109 100  87 102  93 118 134  95  97  93  80  97 108  92  77  90  79  60  58  54  50  54  80 120 147 196 196 152 138 144 106  97 131  91  76  72  75  78  79  83  74  72 101  88  79  85 111 125 128 140 126 103 107 100 105 106 112 110 103 104 103 
189 191 195 200 209 219 222 212 208 210 208 202 183 142  89 101 125 136 131 146 119 138 175 169 174 170 116  98 134 125 103  98  90 105 127 107 115  87  66  61  64  75  84  66  67  88  93  84  85 103  89  78  82  98 103 105 107 100  98  97  87  87  94  98 134 119  80  67  78  84  89  80  73  93 108  91  66  62  65  62  50  73 141 127 162 192 144 125 121 112 125 118  71  95  70  67  78  85  87  87  77  77  83  81  97 113 111  93 130 120 107 111  92 103 109 118 115  96 110 122 
192 186 176 172 160 141 136 147 135 124 113 108 121 112 105 115 154 161 163 158 125 148 170 156 148 127  89  57  99 112  94  90  99 120 115  99  93  68  70  80  68  75  89  73  76  90  98 105  91  80  71  78  87 101 107 121 116  99  91  95  90  84  96  95  99  99  92 115 113  97  83  81 114 128  93  81  89  73  69  58  54  66 161 140 129 185 152 134 119 115 120 103  74  90  71  75  99 101 101  98  77  71  72  84  91  94 114 125 112 116 117 109  94  90  92 102 111 106 108 121 
119 114 118 114 109 101 107  93 107 119 136 133 149 144 113 128 147 154 153 160 115 100 123 115  83  83 102  96 108 102  93  99 125 127  95  64  69  72  77  85  68  76  86  83  88  94  98  97  83  71  70  79  84  89  98 116  92  89  92 107  89  82  86  84  91  94 114 151 122 112 129 121 142 130 126 141 101  60  57  51  53  78 170 179 155 162 143 151 119  97 105  94  83  97  79  82  93 107 127 107  97  83  75  79  84  92  89 107 111 131 104  94  96  90  90  89  88 103  95  91 
170 178 175 173 169 164 176 166 151 163 158 163 162 167 111 112 150 138 110  85  81  68 127 151 157 172 175 128 104  97 104 123 138 103  77  82  96  81  74  71  99 118 105  84  84  98 100  87  81  89  79  74  79  87  89  92  98  98  99 103  85  85  86  89  82  81 101 110 106 133 110 119 146 150 161 145  85  62  60  52  52  96 169 195 186 148 146 131 108 111 105  78  88  97  74  92  93  82 110  97  90  92  95  81  84  91  91  86  89  96  96  87  81  78  79  84 100  88  79  79 
