COL=120
ROW=100
141 136 140 137 111 174 210 200 189 182 186 181 180 182 185 187 183  96  68  71  75  78  75  78  78  73  72  81  83  86  88  83  86  73  92 123 120  96 110 128 127 124 124 134 127 132 121  95  71 108 140 137 140 144 135 136 149 147 141 136 138 143 146 148 146 149 148 146 145 144 139 142 122  95  98  94  87  68  71  81  89  91  78  89  99  90  90  94  96  97  94  91  81  74  97 103 144 177 171 172 171 170 168 172 172 169 168 166 166 173 170 171 170 168 167 169 171 169 173 161 
144 142 143 128 117 192 204 194 195 193 185 182 182 182 184 184 192 134  93  89  72  65  66  71  70  73  77  80  81  89  88  84  86  81  78 118 120 101 103 118 108 115 125 139 136 133 133 117  86  77 118 134 137 138 130 134 146 146 145 141 139 140 142 145 147 149 150 148 146 143 141 137 138 110  88  91  87  69  74  78  85  91  79  83  98  91  89  88  92  95  91  88  86  73  94 112  96 160 175 168 170 171 171 167 172 173 173 172 164 166 167 171 171 168 167 165 169 169 171 173 
145 153 142 109 153 210 198 196 194 192 187 182 184 183 186 186 194 155  99 111 101 104  89  72  77  78  77  76  80  87  84  86  88  88  88 111 126 103  97 110 109  99 119 142 139 137 134 126 109  79  81 126 138 136 142 146 145 148 148 147 139 138 139 144 148 148 149 148 149 141 142 142 138 134  93  91  98  71  82  81  80  88  84  81  94  94  90  85  90  95  87  87  83  61 102 123  74  98 175 172 170 169 171 169 168 172 172 172 171 167 170 172 172 171 168 167 166 172 170 167 
119 117 108 112 191 205 198 198 195 191 186 183 184 185 186 186 192 177 110 107 112 117 116 112 115 113 103  98  94  86  84  86  89  85  87 128 132 107  90  99 118 106 114 145 141 139 136 128 117  98  71  91 137 141 141 146 145 148 146 146 146 140 141 143 147 148 149 149 150 146 141 143 140 140 123  86 101  79  72  85  82  86  87  85  94  95  90  88  92  98  95  90  71  92 141 131 105  65 113 180 170 172 171 170 169 169 169 173 174 169 165 168 173 170 171 169 166 167 167 169 
115 109 107 161 212 201 201 198 195 189 184 179 178 179 183 187 189 191 126 104 111 111 109 105 110 107 107 111 113 108 100  97  91  80  85 120 129 124  89  87 108 117 131 145 142 136 131 129 124 113  95  71 105 139 138 139 140 145 147 146 149 146 139 140 144 147 149 147 147 149 147 143 143 138 139 114  86  89  64  76  82  84  87  85  90  95  90  91  93  96  92  87 124 149 139 133 119  90  66 138 181 170 171 172 170 169 171 171 173 173 169 163 170 175 169 169 169 165 165 168 
157 150 143 196 206 192 185 177 173 167 162 162 163 163 164 168 171 183 146 103 109 107 105 104 106 104 103 103 108 106 105 111 105  88 101 114 126 138 102  79 101 114 138 145 140 134 133 133 128 128 119  96  78 118 142 139 140 144 145 147 149 149 142 141 140 143 149 149 148 148 150 148 143 142 137 140 104  76  67  77  79  78  85  81  85  93  91  93  95  83  99 147 155 140 134 130 122 117  83  72 156 179 168 173 171 169 168 169 171 172 171 168 164 170 168 170 170 166 165 169 
156 148 170 193 179 182 184 183 181 179 178 179 179 179 180 180 177 183 157  96 101 102 100 100  97  94  87  86  85  85  90  83  75  91 115 111 109 112 116  82  96 114 144 149 137 134 135 134 135 136 133 122  90  80 130 141 140 143 146 148 149 148 148 144 140 142 145 148 151 150 150 150 146 145 139 137 142  93  66  77  82  79  80  81  80  89  95  94  89 111 152 155 142 137 134 131 136 125 110  76  89 168 176 169 172 171 170 169 173 171 172 169 166 168 174 172 171 171 169 165 
156 156 176 185 198 202 199 195 190 185 182 180 181 183 183 184 184 192 171  85  93  96  88  81  80  74  78  93  96  95  91  83  86 107 110 106 107 107 112  92  95 116 144 141 137 138 138 141 144 145 137 130 116  82  91 136 141 142 143 144 147 147 150 146 144 142 145 148 151 152 149 148 149 146 143 138 137 135  94  73  80  82  80  79  79  89  88  87 129 167 150 139 138 138 134 131 133 132 125 107  71 106 178 172 173 173 169 167 167 166 165 172 170 167 165 171 171 171 169 166 
151 158 196 208 203 199 194 190 187 183 183 181 179 181 182 182 182 185 190 112  79  87  74  74  83 103 113 110 119 123 106 106 116 119 118 112 111 111 117 120 101 114 142 137 139 143 144 149 157 149 141 142 133 112  77 108 142 140 140 144 145 146 149 150 146 146 143 146 152 151 148 148 151 148 145 142 136 138 133  86  75  75  74  83  82  73  96 141 162 149 141 140 143 138 135 135 134 133 129 123 103  73 129 182 169 171 169 169 167 166 167 170 170 167 164 165 170 172 169 171 
151 174 209 201 200 198 195 190 186 185 182 182 180 182 183 183 182 182 191 148  93  91  91  97 110 125 122 115 114 111 110 115 121 123 116 109 110 109 113 134 112 118 145 140 144 153 155 153 152 147 145 144 149 127 106 103 115 143 142 142 144 148 148 152 151 147 144 145 148 149 152 151 152 149 147 145 142 137 139 120  82  72  63  72  64  95 155 156 144 141 141 144 141 139 140 139 141 137 131 128 119  94  77 149 177 166 171 170 170 170 169 171 170 169 169 164 167 170 171 171 
150 190 208 200 200 196 194 190 186 184 182 182 182 182 183 183 182 182 188 174 131 119 112 115 131 123 121 118 119 118 116 118 120 118 111 111 112 111 111 126 113 121 148 148 154 158 158 152 150 151 154 157 135  83  94 126 110 125 145 143 145 144 148 149 152 150 146 145 145 145 150 153 150 150 150 143 144 141 134 139 119  95  76  56 108 163 152 137 140 142 143 140 140 143 145 144 141 141 138 132 128 117  86  85 162 177 170 172 170 171 170 170 172 171 170 169 165 168 173 169 
161 203 204 201 198 197 194 190 187 183 181 181 180 182 183 182 184 188 188 184 140 133 139 105 107 124 120 118 122 122 117 118 119 113 112 110 112 111 109 122 110 126 154 156 161 160 153 150 153 154 155 126  68  52  58  86 115 114 138 145 144 146 147 147 149 151 146 147 144 143 147 151 150 150 148 145 145 144 137 138 139 114 104 136 161 148 140 143 143 144 144 143 147 148 145 142 140 142 140 139 134 127 110  72  98 178 171 168 173 171 169 169 172 173 172 169 169 165 169 172 
166 202 204 200 196 196 192 188 185 183 180 180 179 180 181 183 184 170 159 166 152 128 135 128 101 107 120 120 123 120 118 114 112 113 115 112 111 112 108 117 113 138 162 156 158 156 153 155 162 155 113  77  67  63  56  55  69 102 122 143 143 144 148 147 148 150 151 146 145 145 146 148 151 150 149 149 147 145 141 134 131 132 147 158 142 139 140 142 142 142 144 147 147 144 143 144 144 144 141 140 140 130 121 105  70 119 181 170 169 173 170 168 167 169 171 171 171 166 166 171 
175 201 201 198 198 194 189 187 184 182 181 179 180 181 182 187 179 139 136 168 171 126 130 133 128 102 109 119 120 116 116 116 112 114 114 112 112 112 106 113 115 144 164 155 155 156 159 162 148 113  97  95  88  81  66  60  58  65  95 123 144 144 145 145 148 149 151 150 148 143 144 148 150 151 151 150 149 147 144 140 135 135 148 146 139 141 141 139 142 147 147 148 146 145 147 147 146 143 143 142 139 137 132 126 102  72 141 182 170 169 170 172 166 165 170 173 171 167 167 163 
193 203 201 198 195 192 190 188 184 181 181 180 180 180 179 185 185 163 145 147 165 136 129 133 131 126 111 115 116 118 117 116 115 113 111 109 111 112 107 115 123 149 160 154 157 162 163 133 101  99 108 100  97  99  88  72  65  61  67  87 130 147 144 146 150 150 148 150 151 145 143 144 145 150 152 150 149 149 145 142 141 135 133 144 147 144 143 144 146 148 146 146 148 149 147 148 148 146 142 140 139 143 142 137 129  95  79 152 179 168 171 171 169 167 167 169 170 169 171 168 
204 203 201 198 195 191 190 186 184 181 180 179 179 181 181 186 159 138 170 140 163 144 127 132 134 131 111 114 118 118 114 112 115 113 113 112 111 112 107 114 130 156 157 158 162 160 121  99 110 109 106 105 100 100 100  85  65  63  66  63  90 140 146 144 146 148 149 150 153 151 143 143 146 149 150 150 152 150 146 144 143 135 133 138 151 147 146 146 149 147 143 148 154 148 144 148 151 147 142 144 148 147 148 148 141 122  83  94 169 176 167 170 170 169 168 165 172 173 171 171 
202 202 200 196 194 193 189 186 184 180 181 179 179 180 186 170 144 158 179 185 173 154 126 133 131 133 119  94 110 115 110 111 113 114 113 111 110 111 107 112 135 162 162 167 147 108 102 108 108 110 107 108 107  99 102 101  77  63  67  65  69 100 145 144 146 147 148 147 151 151 147 145 145 148 150 152 151 151 151 146 145 141 138 133 140 150 151 147 146 145 148 150 149 149 146 146 146 146 148 149 153 151 155 149 138 141 114  80 107 175 169 167 173 172 171 167 167 167 171 173 
204 201 198 194 194 193 189 187 185 181 181 180 180 181 185 170 147 182 189 167 163 176 128 131 129 129 117  76  97 113 112 112 112 113 113 110 109 111 104 112 136 163 167 142 103 106 114 108 104 107 106 107 109 104 102 101  95  80  69  65  66  69 114 147 146 148 146 148 148 151 151 145 145 147 150 152 151 151 151 148 147 146 139 135 134 147 156 153 153 150 150 148 149 153 149 145 143 153 159 156 155 157 151 148 142 119 106  88  66 130 182 169 168 174 173 169 167 167 175 173 
203 200 198 195 194 191 189 187 184 181 180 178 180 183 181 190 160 133 191 180 165 180 134 124 130 133 104  64  96 110 111 113 112 114 113 111 112 111 105 117 143 167 125  90 106 113 101 112 108 105 102 106 108 108 108 103  95  90  75  64  60  64  78 126 150 148 145 148 149 149 152 150 147 144 148 150 152 151 151 151 148 144 145 138 133 134 150 161 157 153 154 152 151 151 147 146 153 157 161 159 154 158 156 154 111  91 106  91  70  80 143 180 166 170 170 169 171 169 165 169 
201 198 197 196 193 190 189 186 182 181 180 179 180 181 183 182 145 175 190 175 153 178 153 133 144 139  83  61 107 109 111 113 112 112 112 112 113 111 107 121 145 119  99 101 112 114  92 101 111 107 103 105 108 108 106 107  93  84  91  80  71  67  62  77 129 148 145 144 148 149 152 153 148 148 145 148 149 152 152 151 148 145 144 142 138 133 137 156 156 153 156 154 150 148 154 155 157 160 160 160 152 162 149 108  98 100 104  98  73  74  90 162 176 164 171 172 171 170 166 166 
200 199 197 194 193 191 187 184 182 180 179 181 180 179 184 174 150 146 151 158 139 187 162 112 114 101  63  78 118 110 109 110 110 110 111 113 113 111 107 124 146 117 108 108 107 117 104  89  96 108 103 104 108 105 104 108  95  78  86  87  88  86  74  61  86 139 147 145 146 149 151 152 151 146 144 145 148 153 153 147 149 147 143 146 143 135 133 139 153 153 150 148 151 158 157 157 158 161 154 162 165 135  82  88 102 101 103 102  78  72  75 102 169 173 169 172 172 169 170 169 
200 199 197 195 193 189 188 184 184 182 178 178 178 178 181 183 146 133 143 146 177 190 172  80  78  75  88 101 107 111 110 109 111 111 111 111 112 109 106 124 142 140 110 110 104 110 115 103  89 102 106 105 107 105 102 100  93  73  74  84  87  85  86  87  77 105 147 148 147 148 148 151 153 152 146 142 146 149 151 149 148 148 146 145 145 140 137 134 144 150 146 147 155 153 156 160 158 157 161 161 113  72  73  77  85  97 100  98  85  86  76  78 119 178 170 167 171 174 170 167 
200 198 196 194 190 188 186 184 183 180 179 179 179 179 181 182 186 166 150 138 153 188 189 107  76  87  91  86  79  97 118 110 111 112 109 110 112 107 110 129 141 150 136 110 100 105 116 114  99  81  81  83  87  96  99 101  96  82  72  86  88  88  88  91  88  82 115 146 148 150 148 152 151 153 149 145 144 148 149 148 149 149 149 146 143 145 138 134 135 143 146 152 155 155 160 158 156 160 151 109  82  79  76  74  76  77  79  82  91  97  86  86  89 132 180 168 167 173 174 172 
208 209 206 201 197 190 185 183 181 180 178 180 180 181 181 180 188 153 136 169 165 185 189 146  95  81  75  78  88  87 112 114 109 110 109 109 110 108 125 130 143 146 146 127 103 103 111 113 107  78  75  67  60  68  78  93 104  87  78  89  89  89  92  90  88  84  87 133 150 148 150 152 151 152 155 147 144 144 146 149 150 149 150 149 145 145 141 137 133 137 147 152 154 157 155 155 161 137 102  89  96  95  90  82  75  77  78  84  98 102  95  80  84  92 149 179 170 166 167 171 
141 133 156 172 181 188 196 195 183 178 182 189 191 190 192 187 182 178 173 187 189 192 199 168  81  83 101 102  95  81 106 113 106 107 110 111 107 111 130 127 144 147 142 147 119  98 109 114 110  97  74  63  66  62  56  62  76  78  85  88  89  88  90  90  86  90  84  90 140 148 147 148 153 154 154 153 146 144 144 145 149 151 150 147 148 145 146 141 135 135 141 154 153 152 156 157 129  96  95  97  96  95  95  93  82  74  75  85  93  88  84  87 104 124 108 159 180 168 171 171 
 87  79  81  70  77  92 112 133 168 193 187 146 112 106 122 164 194 187 184 182 191 133 119 177 115 104 108 106  88  80 112 111 109 107 110 110 105 118 131 123 147 151 145 145 138 105 110 114 108 105  96  73  61  64  61  56  55  71  82  86  89  91  87  82  97 115 107  73  93 147 147 148 150 154 152 154 150 148 145 143 146 150 151 148 148 147 145 143 140 138 136 142 153 159 146 113 100  97  93  98  95  97  94  84  90  91  83  74  75  83  94 110 125 134 123 114 168 176 170 171 
105 138 128  67  97 114  74  50 175 183  86  61  82  88  70  60 120 193 182 194 126  61  78 119 144 104 111 107  77  95 116 112 111 109 108 111 106 125 126 123 149 153 148 143 147 133 107 112 112 104 102 102  78  62  60  59  58  62  64  67  82  86  84 107 132 128 116  97  65 111 151 149 149 150 153 151 150 150 147 143 143 148 149 147 148 149 145 144 143 137 135 132 149 140 107 103 112  93  75  96  97  98  96  77  89 100  95  94  95  99  95  98 116 126 133 116 125 179 174 168 
107 147 122  65 120 130  93  91 188  75  64 119 128 130 122 104  50 120 203 172  79 115 128 103 133 108 112  99  71 113 117 110 110 110 110 111 110 131 123 127 151 150 150 146 142 146 124 104 111 108 100 100 103  85  64  61  58  59  64  68  60  68 121 145 134 127 125 118  88  63 128 154 151 152 150 149 148 149 146 143 141 146 148 149 149 150 148 144 141 138 136 133 136 125 114 124 103  70  82  92 101 103  94  80  88  99  98  98 100 103 100  92  84  96 110 120 107 142 180 168 
126 152 107  69 125 130  83 123 120  64 127 125 130 121 125 136 110  63 174 147  93 130 124 118 113 113 101  77  86 119 113 110 111 113 114 108 117 130 119 129 152 148 151 151 147 142 144 123 109 109 106 100 103 100  79  67  62  60  62  54  75 132 147 138 130 128 127 123 106  69  72 141 152 149 149 150 149 148 150 148 144 144 146 148 148 148 149 145 142 142 139 134 131 142 120 104 115  83  71  74  81 112 110  83  90  93  96  98  99 103 105 105  96  93  92  96  99 101 154 179 
147 156  86  87 136 129  86 131  86 117 129 129  96  66  81 132 142  91 121 132 113 143  82  86 127 118  88  72 100 116 113 112 114 114 113 106 126 133 119 132 152 151 148 150 153 148 146 143 119 107 114 106 100 104  96  77  75  64  47  93 147 150 137 135 137 135 125 118 115 105  71  91 149 149 149 150 148 146 149 149 144 143 144 146 149 148 147 146 145 144 140 137 134 137 135 101  93  96 109 120 102 111 119  88 111 104  92  94  95  98 102 102 103 102 101 102  97  82 104 170 
158 143  67 113 149 129  93 134  82 129 136 111  79 161 106  93 142 115 104 124  87  90 105 137 114 117  72  94 120 116 114 114 115 113 109 112 132 131 117 132 145 148 152 149 151 150 146 145 140 110 114 111 105 105 105  92  76  80 114 152 147 138 137 140 139 135 129 126 126 117 103  73 104 154 149 148 144 146 148 148 146 143 144 147 146 147 146 146 147 141 142 141 137 131 139 139  78  75  98 104 113 120 112  87 122 124 113 108 102  99  98  95  98  97 100 105 105  96  88 123 
168 131  61 137 151 123 103 147  79 138 147  93 103 224 152  80 140 124  94 107  88 101 137 171 109 131  95 111 119 121 114 114 117 115 105 115 140 128 112 142 144 145 149 152 146 152 148 144 145 129 111 112 106 106 104  96  93 132 155 144 140 137 139 144 138 141 142 141 136 129 121  99  69 124 151 145 146 147 147 148 149 145 144 145 144 146 147 147 146 144 144 145 140 135 132 141 126 103  99  89  85  95  98  91 127 125 123 123 122 118 116 103  98  97  98 101  95 101 119  94 
167 130 114 151 163 114 115 174  78 137 147 129  74 112  81 103 146 129  78 146 157 110  87  95 116 146 133 108 120 122 115 113 116 114 106 123 138 118 112 150 148 141 148 149 147 147 151 149 146 149 126 109 111 106 100 117 150 149 141 140 140 141 143 143 144 148 143 147 145 137 130 118  89  75 134 148 146 147 148 149 150 144 145 142 144 145 147 148 147 149 146 144 143 139 133 132 149 114  70  81  82  97  91  83 105 115 122 125 122 117 117 117 119 120 107  92  97 148 150 109 
173 159 169 162 164  78 138 198  92  98 152 153 132  93 118 140 143 116 101 197  87 108 140 115 144 121 121 122 120 119 116 116 116 112 110 129 136 109 119 152 149 150 149 145 154 148 148 152 150 146 144 120 105 109 134 149 142 137 139 140 139 140 142 144 146 144 149 151 144 141 137 129 116  77  81 141 145 146 147 146 148 150 149 144 144 146 146 147 147 148 148 145 144 141 137 133 137 138 102  87  84 110  95  87 102  98 103 112 108 102  99 103 107 118 115 133 166 167 148 138 
152 175 171 158  86  90 186 191 156  60 127 161 160 158 159 157 144  73 135 207 141 115 167 161 158 123 131 122 121 117 115 116 116 113 117 132 133 101 124 152 151 150 147 149 145 151 152 147 149 148 147 139 119 141 149 143 138 136 141 136 133 137 142 144 144 147 152 146 147 141 141 136 125 105  70  97 148 144 147 148 148 148 150 149 146 144 145 146 148 148 148 149 145 143 141 136 130 138 143 116 109 109  90  92 110 106 103 101 100 104 104 103  93  86 143 186 169 158 154 148 
 93 107 102  85 105 182 187 177 192 133  61 108 156 163 153 137  73  92 191 195 137  54 117 166 136 118 180 127 120 121 115 115 117 114 117 137 130 101 129 155 153 147 144 145 143 146 152 147 146 150 148 146 156 151 139 141 140 140 138 129 132 140 143 144 146 148 146 140 142 145 136 128 132 122 102  69 114 150 150 150 149 148 148 150 149 147 148 147 147 150 150 149 146 145 145 139 136 135 139 136  80 100  92  92 112 109 109 110 105 108 106  97 105 160 182 167 162 161 157 154 
185 155 149 165 193 187 179 179 179 191 154  89  83  88  92  81 114 186 187 180 165 154 101  87  79 145 197 138 119 120 113 115 118 113 119 141 126 105 136 152 149 149 147 149 145 143 148 154 148 147 148 144 146 151 145 143 143 142 139 141 143 141 143 147 148 145 141 141 142 144 138 130 129 129 120  96  74 125 154 147 149 150 147 148 149 149 147 145 146 149 151 149 148 146 144 142 138 134 134 142 114 107  90  97 111 111 112 111 108 109  97 122 179 183 168 167 164 162 162 162 
199 197 196 192 186 183 181 180 178 180 190 188 118 129 157 171 190 185 179 181 185 203 152 111 173 188 187 156 120 121 114 115 116 110 123 143 124 110 139 150 150 149 149 153 144 140 146 150 149 146 145 146 144 152 152 144 148 147 149 153 148 150 149 147 146 141 142 147 142 133 136 141 135 134 132 124  87  77 137 152 148 146 145 148 150 150 148 146 147 146 149 146 149 148 144 144 141 136 133 132 141 125  82 103 113 111 113 112 105 100 144 188 177 169 170 168 167 166 161 159 
189 186 184 183 182 181 180 180 180 179 183 166 142 196 188 185 182 182 185 186 189 196 113 125 200 183 184 171 126 125 116 114 114 113 124 140 120 114 141 153 153 149 150 147 151 146 140 144 148 148 148 147 146 148 144 152 151 152 157 159 154 159 152 150 143 143 143 139 141 138 137 147 148 142 137 132 119  82 100 147 149 148 145 147 150 152 149 147 144 147 147 151 150 149 147 144 145 141 136 131 136 142  91 101 117 114 113 102 107 166 189 173 170 171 169 168 170 167 162 163 
193 197 197 195 187 180 178 180 180 178 183 164 123 171 179 179 181 176 170 162 156 138  71 109 191 183 183 181 135 122 116 113 113 112 125 140 115 115 146 149 146 149 150 151 151 149 144 141 147 153 148 146 149 144 148 151 156 153 155 157 157 156 155 152 145 149 146 137 139 140 147 155 149 143 142 139 120  96  93 114 147 147 145 148 148 149 151 145 144 145 147 146 148 150 148 146 144 144 138 133 133 138 130 110 111 113  98 118 176 185 172 172 171 169 171 171 166 167 167 164 
187 157 143 154 178 195 184 178 179 187 189 191 163 140 147 148 147 139 136 145 172 154  68  86 176 188 180 186 148 121 120 115 115 111 125 140 115 119 149 146 145 148 151 150 152 148 147 143 145 147 153 159 158 152 145 146 154 156 154 154 155 156 155 152 150 146 146 141 146 148 150 157 152 152 149 111  88  98  99  93 117 143 143 145 147 150 152 150 147 143 144 147 147 149 147 146 144 144 142 136 130 131 139 132 102  95 135 185 181 170 174 170 171 173 169 170 170 171 168 164 
 83  81  83  72  70 119 189 188 176 160 155 153 159 156 142 145 149 168 185 193 164 124 105  80 138 194 179 185 166 126 124 117 113 111 124 137 116 120 142 149 145 147 148 151 149 151 150 149 149 147 151 157 154 156 150 148 146 156 155 150 150 153 151 147 151 144 148 148 156 154 154 153 152 143 101  87  94  98  99 101  94 125 146 145 148 148 146 151 150 147 145 147 150 148 147 148 146 143 143 141 132 129 132 140 121 151 191 176 172 175 171 173 174 173 171 174 172 169 171 166 
108 133 136 121 107  58  91 191 183  80  63  74  70  69  71  72  60 124 205 131  59  75  92  81 102 188 183 183 177 135 126 117 117 113 124 139 115 125 141 143 146 145 149 153 152 153 151 149 148 146 144 147 150 150 153 145 146 150 153 148 147 148 147 150 153 149 152 157 158 156 156 162 140  94  91  96  95 100 103 103  99  96 132 146 144 146 147 150 152 149 148 146 145 146 149 149 147 147 145 143 138 133 130 135 147 183 177 173 173 171 173 175 170 173 175 170 172 171 169 167 
142 143 142 138 134 124  54 118 189  79  97 125 107  58  99 109  75 120 176  72 102 128  96  94  78 163 192 182 185 135 119 123 119 115 123 136 116 129 139 140 145 146 148 149 152 155 156 152 151 145 141 146 153 151 155 156 151 145 153 154 147 147 144 152 155 155 156 155 146 158 168 129  89  93 100  97  98 103 106 104 103  99 110 142 147 145 148 146 150 151 148 145 144 146 148 148 148 150 145 140 141 139 138 136 137 146 176 174 173 174 174 171 172 175 173 172 174 173 169 170 
147 103  79 106 136 139 107  72 172  95 100 135 118  61 104 123  86 120 137  90 131 127 105 113  78 117 191 179 187 142 110 126 120 115 122 131 114 135 141 134 145 153 145 148 152 151 152 153 152 148 148 148 150 155 147 152 151 151 151 153 150 147 143 149 157 156 157 154 163 159 114  84  92  99 101 102 102 103 105 104 101  94  88 111 144 147 144 147 148 149 149 146 145 147 148 148 148 146 147 142 142 144 141 139 138 135 153 179 175 172 173 174 173 173 173 174 173 171 171 170 
108  93 137  74 121 148 134  76 151  98 102 137 119  65 107 130  97 116 127 106 136 121  69 125 122  74 175 185 185 169 121 123 118 114 123 127 115 138 145 137 141 145 144 146 152 150 151 151 150 151 147 145 147 150 158 149 151 149 144 152 155 155 154 154 157 154 155 169 149  96  85  92  95  98 102 103 104 102 101 100 102  91  95  99 122 147 145 144 147 150 151 148 149 147 147 149 146 145 148 148 146 148 146 140 136 136 135 160 179 173 174 174 172 174 172 174 172 171 173 171 
 77 165 231 112  97 152 142  78 142 104 107 141 123  61 104 135 101 115 137  98 138 124  70 104 119  69 137 192 182 182 135 121 120 114 122 124 121 125 137 145 137 139 143 146 145 148 153 153 155 152 148 145 144 145 154 153 151 151 152 149 148 163 161 161 159 155 157 128  86  90  93  94  97 100 101  99 103 101  99 104 105  93  98 108  99 127 145 143 145 147 149 152 151 150 145 147 146 148 150 149 149 144 145 144 138 135 133 137 170 181 171 174 175 174 174 174 172 174 173 170 
104 108 143  79 136 156 144  77 154 110 106 148 134  67 103 137 107 108 172  89 130 144 110  75  81  79  93 184 184 185 152 124 121 115 118 120 129 141 102 143 141 137 139 144 145 145 149 150 152 153 150 148 144 147 149 151 152 150 150 149 146 154 167 162 166 159 103  60  87  96  93  96  98  99  98  98 101 101  97 100 104  91  97 109 100 107 145 148 146 150 150 155 155 152 148 147 148 148 150 150 150 149 146 146 142 138 136 134 144 176 177 172 175 172 172 172 172 173 172 170 
149 101  87 129 158 160 129  78 183 111 105 149 142  68 108 146 119  99 179  97  95 151 130  80  86  86  74 150 192 183 165 124 121 115 116 122 126 120  76 111 153 143 138 137 145 146 145 150 151 149 153 149 146 141 146 149 151 150 152 153 147 148 159 170 154  98  72  75  94  98  97  96  96  99  99  99 101 102  95  98 110  89 101 105 101 100 115 144 146 149 151 152 156 154 148 147 148 148 149 150 151 148 144 144 147 141 137 133 132 150 179 176 175 171 173 173 172 171 169 170 
153 160 159 153 159 155  71 128 202 110 105 151 142 104 126 147 127  99 155  73 106 147 139  83  77  86  75 103 188 182 176 129 119 118 116 116 129 132  89  78 126 146 138 140 143 146 150 148 148 149 150 150 150 145 142 148 150 152 151 152 150 148 147 150  90  90  85  81 101 103  99  97  99 101 100  99  99 100  93 102 113  85 101 103 100  95  92 121 148 149 151 151 153 153 149 149 149 147 148 149 149 149 157 148 144 144 140 135 135 134 158 180 173 173 174 171 171 171 173 173 
160 164 164 158 132  66 101 189 193 132  80 157 151 152 146 156 110 104 172  93 141 151 142 104 116  71  85  80 161 190 151 143 117 115 112 116 130 133 113  90  85 137 145 134 139 142 147 149 151 154 152 152 149 147 144 146 149 149 149 151 151 147 147 141 112 102  79  93 105 101 100  97  98 100 100 100 102 100  93 104 113  90 101 102  97  94  94  99 128 151 148 149 149 152 153 152 149 145 149 149 147 144 144 147 144 143 143 141 137 137 137 163 177 173 175 172 171 171 172 175 
 93 105 102  91  78 128 191 183 181 176  71  99 158 159 159 132  57 142 187  95 148 174 104 119 201 115  70  75 110 199 126 109 121 110 107 111 129 137 134 117  85  98 146 143 136 136 147 147 149 149 149 150 148 153 148 145 144 146 150 152 148 150 151 153 152 107  75 104 107 103 101  97  98 100 100 100 101  99  93 107 107  89 101 101  99  94  96  99 100 137 152 148 152 151 155 152 150 148 147 147 144 147 142 149 147 143 146 144 138 135 137 142 172 177 172 171 173 170 170 175 
157 137 134 147 179 192 179 177 177 188 163  84  84 100  96  67 112 190 188  96  92  98  73 169 194 190 111  68  77 173 140  94 115 104 104 109 139 148 141 133 113  84 108 151 141 138 141 143 144 144 146 151 151 156 154 148 147 152 151 150 150 150 153 152 152 133  84 104 108 104 100  95  96  99  97  97  99  99  97 109 102  88 104 102  99  97  97  98  98 107 147 150 150 153 152 152 152 151 147 146 148 148 151 150 150 148 146 146 142 137 135 135 147 176 176 175 172 173 173 189 
193 193 193 192 185 179 178 177 176 176 187 181 148 132 132 163 190 181 183 160 115 120 170 190 177 186 190 105  66 117 191 126  98 107 107 111 144 149 142 141 128 102  76 123 154 141 135 137 148 151 150 152 151 150 151 152 144 145 150 149 152 148 150 155 146 151 131 101 105 104 102  96  94  98  97  96  96 100  95 105  98  92 105 102  99  96  97  94  91  94 115 151 151 149 147 152 154 151 149 147 147 146 148 149 150 149 146 143 144 139 133 133 134 152 181 177 172 174 191 156 
184 182 181 179 179 179 178 176 176 176 175 179 185 188 188 185 178 176 178 186 191 192 188 180 180 182 194 135  65  84 118 107 113 103 104 114 146 147 145 142 132 118  93  82 131 148 136 137 140 145 146 146 148 148 150 152 148 140 143 150 150 155 153 150 150 145 151 123 102 104 100  98  95  96  97  96  96 100  92 103  94  91 101 101 102 100  89  89 124 120  89 130 154 148 147 148 148 152 151 148 143 146 148 150 150 150 149 146 143 142 139 135 135 135 160 180 184 184 142  72 
185 183 180 180 180 179 179 176 177 179 176 176 176 176 177 176 177 178 179 179 180 179 180 181 181 182 190 140  86  78  69  87 119 106 100 115 156 148 144 141 135 130 121  86  89 143 145 138 136 139 149 147 145 147 150 150 153 153 144 146 150 150 154 150 153 150 146 149 118 102 102  98  99  98  97  97  97  98  95 106  93  88 102 102 106  86  91 150 162 139 106  91 140 152 145 146 147 150 153 147 146 148 149 149 149 151 152 148 146 146 143 139 136 136 137 175 178 117  82  86 
182 182 181 178 179 179 178 177 178 177 177 177 175 176 177 176 178 179 180 180 180 181 181 182 182 180 189 143 127  79  72  73 113 118 101 120 160 147 144 143 141 138 129 109  76  98 149 143 137 136 143 145 144 146 148 149 152 150 148 145 149 149 152 151 150 152 149 152 146 107 103 103 101  98  96  97  97 100  98 107  95  89 103 101  88 116 169 171 155 150 134  97 101 144 145 145 148 150 152 149 148 145 148 149 148 151 150 149 147 144 145 142 138 136 136 148 114  81  96  95 
182 181 180 179 179 178 180 179 178 176 177 177 177 177 178 178 178 179 180 181 182 181 182 181 181 182 189 135 156 105  64  76  99 123  98 128 158 144 144 147 148 141 129 122  98  72 113 151 142 133 137 142 144 143 144 147 149 153 152 146 144 146 148 152 154 151 149 144 152 134  97 102  98  96  95  95  96  98  95 105 101  90  95  88 134 183 172 160 158 150 147 130  92 107 149 147 147 148 148 155 153 147 146 148 148 148 150 152 149 146 145 145 140 137 137 137 135 101  91  96 
180 181 180 179 179 179 177 177 176 177 177 177 177 177 178 178 178 181 181 181 181 180 180 181 181 181 188 133 167 140  69  90 137 143  94 130 153 145 148 147 142 140 132 129 120  97  80 129 154 137 136 141 145 147 146 145 148 151 150 149 146 145 149 151 150 147 149 154 148 154 114  79  99  97  96  96  98  98  93 100 101  72  92 152 183 171 164 164 161 157 154 144 116  88 124 151 146 144 146 151 153 150 148 146 150 149 149 150 150 149 148 147 144 141 137 133 142 130  98  93 
187 186 183 181 179 177 178 177 176 178 177 176 175 177 177 177 179 180 180 181 183 180 180 183 182 180 185 130 166 142  61 116 152 148 103 142 153 151 146 145 137 139 138 142 136 126  97  85 137 148 135 135 139 144 146 147 148 149 150 151 149 148 147 146 149 151 150 152 148 145 146  92  96 100  96  96  98  98  96 100  93  96 171 184 169 170 166 166 167 163 155 150 145 113  91 134 149 147 149 153 154 153 152 147 147 149 148 149 149 150 148 147 148 143 137 136 135 144 121  94 
164 173 180 184 186 183 182 178 176 176 177 177 176 177 177 178 178 179 179 180 183 180 181 182 180 181 186 129 171 145  56  90  98 162 118 142 157 151 148 151 145 146 150 148 144 134 119  90  95 144 144 137 137 141 144 146 147 147 152 153 151 153 149 144 149 151 151 148 152 145 148 147 107  95  98  95  95  99  91  83 135 185 181 170 170 173 174 178 177 169 162 158 151 134 103 107 137 135 137 143 151 156 153 152 149 149 151 150 152 151 146 145 143 146 141 139 132 134 142 116 
139 128 129 132 144 156 172 184 186 183 180 176 177 177 178 177 176 177 179 179 181 182 183 182 185 183 187 130 147 115  62  74  94 185 136 139 153 147 154 157 155 150 153 149 142 141 138 108  79 109 147 140 135 138 142 146 144 147 148 149 151 153 151 149 147 148 150 153 150 153 148 151 136  97  95  96  95  85  86 144 188 181 179 179 175 168 156 144 130 120 117 118 117 117 117 113 108 108 104 106 114 122 129 131 132 137 145 147 150 152 153 152 147 147 146 141 138 133 140 140 
189 181 174 166 162 146 127 126 139 163 184 186 184 180 181 182 186 187 189 189 187 191 189 190 187 180 190 120  74 116 118  65 107 191 158 143 156 148 155 159 158 157 153 149 149 148 114  85  86  86 121 152 139 133 139 142 143 146 149 151 150 150 150 150 148 147 149 152 153 149 153 146 151 130  90  95  79 102 178 196 181 170 154 135 116 102  93  89  86  89  94  96 102 105 108 113 120 126 122 117 114 108 108 110 110 114 113 122 127 127 133 140 147 148 150 147 143 137 133 138 
182 183 191 191 153 114  96  81  61  69  94 135 161 174 173 161 152 146 135 145 155 119 112 104  90 152 201 108 100 181 150  48 104 192 178 151 149 148 154 158 160 155 147 157 147 104  82  83  88  89  87 132 150 138 135 139 142 148 147 145 149 151 153 149 147 144 147 151 155 149 148 151 142 150 117  89 125 175 164 128 114  98  93  95  96 102 102 100 101 111 114 113 115 122 131 131 134 137 139 138 133 127 122 126 120 118 115 112 114 113 112 105 108 120 121 133 139 139 136 133 
170 201 167  86  78 114 134 144 139 114  74  69 123 130  78  83  87  88  90  80  89  93 128 129  98 133 200 115  93 156 147 111 168 189 178 146 152 160 162 162 156 153 166 147 100  88  91  89  91  92  89  94 142 146 137 137 141 142 142 144 146 149 147 154 151 146 147 149 150 152 147 152 156 150 137 109 119  97  82  88  93 100 106 107 114 113 106 109 117 123 119 115 124 128 133 130 128 119 113 123 125 121 111  99 106 112 115 112 109 111 112 111 102 103 107 109 115 125 130 128 
196 159  65 106 157 168 164 161 164 166 158 109  71 155 125  82 157 153 164 130  62 118 175 173 140 125 195 118  83 132 155 133 186 193 103 119 172 167 163 157 158 168 137  92  93 101  98  93  90  91  94  89 102 147 144 136 136 141 144 146 148 148 153 152 152 152 146 147 153 156 162 157 137 108  92  89  85  90  94 101 103 105 105 106 111 110 109 112 116 115 106 114 125 127 131 121 127 128 115 118 120 116 109  96  97  94  97  97  98 104 112 116 128 121 113 108 107 105 107 113 
114  74 114 164 152 143 145 148 146 142 153 166 102  72 181  95 121 152 147 154  91  90 157 156 138 118 194 106  69 132 155 121 171 131  65 124 170 160 156 165 163 124  92  96 105 102 100  94  93  92  92  94  84 115 151 139 137 141 144 147 147 147 151 150 151 155 152 154 151 145 123  99  84  86  90  92 102 104 105 103  96  95 102 109 108 118 131 132 128 119 119 128 125 131 132 134 134 128 121 135 135 120 108 112 116  92  92  96 100  94 101 106 113 126 125 116 115 106 104 110 
 95  98 159 143 141 145 147 144 149 142 140 145 156  83 125 152  74 146 142 148 126  86 150 151 139 112 186 104  86 142 142 133 100  72  99 113 152 157 169 157 105  93  98  98 101  99 100  97  95  93  90  89  89  85 129 152 140 137 138 145 146 145 148 152 156 158 150 129 105  87  78  84  91  94  94 102 105 103 108 114 112 107 110 119 125 128 118 126 124 131 136 136 127 123 126 137 124 118 126 142 141 123 114 119 119 102 101 100  99  99  99 107 105 112 118 121 123 124 122 117 
 85 135 147 141 144 138  97  89 103 138 147 137 146 132  83 175  94 108 143 135 144 105 137 149 136 103 171 118 101 120 132 132  80  89 112 101 145 174 133 100 104 101 101  98  94  97  98  99  98  93  90  88  87  85  88 140 149 137 137 140 142 149 151 154 144 113  89  83  84  86  94  99  94  95  96  99 101 100 110 117 118 115 104 111 110 112 108 100 102 112 111 108 102 105 110 126 124 146 147 130 111 132 140 134 113 103 111 104  97 100 101 112 110 106 105 105 104 109 111 118 
 83 140 136 137 142  80  91 108  57  75 136 138 138 145  83 149 162  78 124 132 136 110 120 137 136 104 157 123 131  99 124 125  94 104 111 105 136 136  88  99 116 100 106 101  95  95  93  96  95  89  88  85  83  86  81  97 146 143 134 137 139 145 129 102  81  77  83  89  87  94  96  94  91  89  95 103 107 103 100  94  89  93  93 102 103 100  99 104 104  98 100 112 109 105 111 124 133 135 123 123 115 127 148 153 125 114 110 106 108 101  89 109 109 108 115 112 102 102  98 102 
 92 130 124 131 115  83  68  72  83  55 101 135 130 142  95 135 177  73 113 123 127 105 105 131 131  98 142 122 161  88  94 125  99 101 113 119 122  98 106 102 114 103 104  99  94  94  90  91  91  88  87  87  81  84  85  75 111 152 147 136 129 105  77  74  81  90  86  88  90  93  92  88  95 101 105 102  91  92  86 103 104  98 107 111 119 119 113 111 105  97  94 107 103  99 111 111 104  95  97 111 113 108 112 138 141 120 113 112 104 100  86 101 122 105 124 121 112  98 104 111 
 92 122 119 127  93 123 108  45  85  64  91 127 124 133  99 102 108  88 120 118 124 114 104 126 129  97 129 116 185 109  69 113 103  99 116 124 143 107 107 100 109 106 101 100  94  91  91  89  88  91  85  89  86  81  86  86  79 122 135 112 102  83  79  83  82  85  86  90  85  87  96 101  96  94 101  97  90  89 103 130 126 113 114 114 131 137 135 138 124 103 100 102 104 100 100 113 105 110 118 113 115 107 113 141 123  97 102 102 105 114 113 108 102  83 102 109 117 110  98 101 
 81 115 112 123 103  87 156  61  57  63 100 122 118 127  93 106  88 106 120 119 116  88  94 120 123  99 116 121 169  89  84 107  97  89 119 119 158 116 106 105 106 110 102 103  97  91  90  88  87  91  88  83  80  78  71  71 106 107 100  95  81  87  92  87  85  88  91  90  85  88  93  88  91  94  94  96 101 111 125 124 127 130 131 136 138 135 140 147 129 120 118 123 132 120 106 102 114 118 141 125 117 108 102 123 126 121 107  97 110 125 128 111  98  96  96 101 101 112 110  94 
 73 111 101 106 115  91  79  72  55  86 110 108 112 120  83 143  98 102 115 111 106  71  86 107 104  99 101 119 115  86 104  97  92  87 119 117 154 129 107 107 102 104 102 102  99  95  91  88  86  86  88  84  73  80  89 116 125 100  89  89  94 100 101 101 100  94  90  84  84  88  88  97 100  93  95 110 131 140 135 138 143 145 138 132 132 131 135 139 133 137 142 135 126 133 107  83 122 112 123 114 104  99  99 117 118 124 113 101 103 100 100 101 108 106 103 106 105 111 119 115 
 77  91 107 106 103 102  83  91  98 107 110 109 113  99  86 177 101  91 110 109 104 101  96  98 105  99  85  87  82  95  96  91  93  87 121 119 142 141 106 106 100 100  97 101 101  93  88  89  85  86  88  87  74  89 121 111  87  82  90  95  99 100  99 104 103  93  83  79  83  87  91  91 100 119 126 135 146 144 143 146 153 152 146 140 142 136 124 126 122 119 114 105 111 108 117 124 109 111 123 102  97 101  93 111 115 103  93  90  89  89  91 101 104 105 111 114 114 118 126 126 
127  62  99 105  94  90  98 105  97  96 102 103 109  63 126 200 127  76 114 111 101  96 104 101 103  96  75  74  83  93  93  93  77  96 127 123 126 131 112 106 102  98  94  99 101  94  88  87  87  89  83  84 108 113  99  88  88  90  93  87  90  91  95 101 105  99  83  82  88  99 114 111 111 125 137 148 143 144 151 156 156 147 151 135 130 133 137 135 119 121 123 128 118 119 119 121 125 117 108 104 100  98  96  96 101 107 101  96  89  90  91  94  93  95  91  85  92 108 129 131 
188  91  64 100  95  94  93  99  99  93  96 100  70  86 189 187 173  80  81 108 102  97 105 100  92  92  82  75  80  79  82  77  78 116 126 123 118 126 118  97  98  96  91  95 104  98  90  87  89  85  87 110 117  96  90  93  92  89  84  83  83  85  95 103 110  92  80  89  94  99 106 115 120 128 129 140 150 149 145 128 124 144 145 129 128 127 133 140 133 141 137 130 115 110 109 120 126 116 116 115 108 106  95  96  96 101 100 107 102  98  98  98  92  88  77  61  76 103 126 130 
186 183 100  61  74  87  92  96  95  89  78  63  94 179 176 171 188 163  78  69  83  92  92  87  82  77  73  69 108 105  85  85 114 124 117 123 123 136 124  80  94  97  92  88  98 101  95  87  79  91 113 111  96  92  95  93  88  86  83  87  94 102 103 104 108  91  92 102 103 108 105 117 135 143 151 157 137 122 112 103 104 137 145 139 140 134 135 131 142 137 129 122 106 110 116 118 121 119 118 117 111 115 113 104 101 108 108 106 110 116 107 104 103 105 101  95 128 138 118 120 
178 186 188 137  88  69  70  78  74  71  85 135 192 189 119 134 185 191 176 125 102  91  88  88  92 105  90  66 123 122 116 120 120 115 118 129 130 138 134  73  86  94  95  88  86  97  94  84  92 118 112  94  94  95 100  90  84  84  84  96 106 104  99 110 108  97 101 111 126 130 128 135 152 141 138 151 140 129 123 130 132 142 149 150 166 153 133 131 138 141 137 125  96 106 110 112 123 123 123 127 127 121 125 114 120 127 128 122 125 125 130 117 113 129 127 123 142 123 105 116 
178 177 179 188 181 167 120  97 151 162 180 189 158 138 142 146 139 133 184 190 183 178 175 176 179 192 171  60 106 122 120 122 121 117 124 134 145 144 143  86  81  97  89  96  84  87  92 106 118 107 101  93  86 101 105  93  83  83  90 102 103 105 111 111 106 103 111 125 140 157 129 127 132 143 147 125 133 143 146 143 139 140 149 147 144 132 123 131 136 136 147 138  97  74  91 113 124 121 118 136 137 133 127  93 114 120 107  98  87 110 107  98 103 106 110 111 110 100 107 118 
179 179 178 176 178 197 133 145 195 182 182 168 129 136 115 131 124 151 156 183 179 179 182 182 181 180 192  97  67 124 127 124 122 118 126 129 159 155 140 128 113 115 109 112 101  91 107 114 108  99  98  92  93  98  92  89  88  91 102 106 118 125 116 108 117 111 120 133 139 128 142 140 127 137 139 156 123 124 160 171 166 155 131 122 118 127 135 140 118 117 135 134 104  89 105 120 118 114 114 115 143 147 131  76  85  94  86  88  97  98 100 109 106  92  97  94  89  98 101 113 
178 177 178 178 182 174 107 172 180 176 175 178 144 160 151 148 161 156 168 184 177 179 178 179 178 178 189 158  55 111 122 119 127 123 126 128 156 171 145 137 102 101 108 106 104 120 116 104 102 104 101  93  88  88  87  91  96 102 111 120 113 108 109 120 133 139 146 155 139 128 137 153 153 129 128 129 120 154 151 152 156 152 164 164 167 165 159 137 133 134 120 114 120 124 124 127 128 112 121 103 119 122  94  85  82  63  92 111 121  81  84 108  81  64  73  69  65  68  73  82 
177 178 177 177 190 133 125 186 175 177 175 182 164 102 171 188 171 112 151 178 179 178 177 180 179 180 180 194  92  75 126 118 127 125 121 121 137 183 152 148  87  65  69  63 105 128 105 105 110 113  98  88  84  79  86  97 104 109 121 112 116 131 145 139 149 142 161 150 130 146 136 114 133 104  92 108 118 118 108 105 108 117 131 148 135 138 177 170 137 153 140 123 128 132 138 146 145 137 155 124  97  99  83  85  98  85  93  92  86  80  88  80  67  77  68  60  62  61  62  66 
177 177 178 180 176 103 169 182 175 175 181 168 130 149 171 182 171 159 141 148 183 178 179 178 179 179 179 191 160  52 110 128 122 121 120 122 136 177 161 155 106  70  72 105 122 102 104 124 120  99  87  84  90  87  97 111 106 105 116 140 125 130 131 105 108  95  76  70  65  72  95  87  90  95  90  99  94  94 114 104  93 107 104 105 124  86 155 186 159 164 152 144 151 159 147 154 156 153 148 107  96 104 100  87  90  84  54  57  61  58  67  69  75  87  70  60  64  61  61  59 
196 180 177 189 134 131 188 176 177 177 182 162 129 172 170 178 179 175 149 141 184 178 178 178 178 179 180 180 196 100  70 133 122 122 120 129 128 156 170 158 126  63 109 133 100  99 120 128 106 100  94  99  93  96 111 106 103 125  92 108 109  92  90  78  67  67  63  63  64  70  67  55  65  72  78  77  80  75  68  74  68  62  65  67 117  96  95 154 170 176 172 145 153 167 135 139 158 159 157 114  95  98 104  94  65  54  54  53  51  57  60  64  61  61  69  61  63  64  62  65 
160 181 187 169 105 178 180 177 176 177 177 178 160 120 131 190 189 131 122 184 178 178 177 179 179 179 180 179 188 173  57 101 130 129 127 127 128 143 159 157 140 101 130 112 112 114 118 109 101  99 104 109  98 108 108  94  85  87  86  86  83  76  87  81  68  65  70  71  72  70  63  59  65  69  84  86  80  78  82  76  67  68  75  55  53  87 103 109 131 184 180 158 146 151 144 141 140 137 159 133 107 115  96  68  54  56  55  59  64  57  53  55  85  96  88  70  64  70  64  66 
 83  78 142 119  65 167 183 175 176 177 177 176 188 149 162 159 149 159 145 173 178 176 179 180 180 179 183 182 178 197 130  46 126 129 128 124 126 134 144 155 139 123 119 118 129 113 108 110 103 103 110 108 103 101  97  81  67  58  60  61  60  70  83  73  62  63  62  67  62  64  78  80  82  83  85  90  84  88  82  72  60  57  61  63  48  52 121 123 140 162 173 172 161 130 143 151 132 141 147 117 103 100  62  54  50  64  59  64  65  63  59  58  80 122 118  92  80  78  72  72 
 68  80 122  73  63 115 190 176 177 176 177 176 177 142 154 111 138 120 148 141 185 176 179 179 181 185 167 171 180 181 196  86  57 132 124 123 129 133 141 138 117 119 123 116 111 103 106 106 116 112 105 103  99  88  83  67  58  64  68  61  60  64  65  64  61  62  60  60  62  59  81  86  78  85  89  85  78  80  68  68  60  55  53  60  59  40 112 133  90  82  95 173 161 130 135 110 105 131 148 114 100  72  58  61  69  93  74  69  66  69  69  67  58  77 113 106  88  78  77  86 
 64 134  84  71  80  74 163 185 175 176 176 174 181 149 116 134 155 139 130 165 182 178 178 180 175 173 133 138 193 181 189 184  57  78 134 126 127 136 135 113 120 127 117  95  88 103  98 113 133 118  99  96  86  77  69  60  65  78  81  72  68  66  59  61  63  64  58  59  64  58  60  75  70  79  90  74  63  63  63  67  70  69  67  65  56  29  78 104  83 103  97 148 155 143 134 108 107 147 151 127  95  78  66  53  88  92  64  73  72  67  66  67  72  63  62 101  90  82  85  86 
150  77  71  79  79  65 111 188 175 176 175 175 177 174 177 162 119 152 187 180 177 179 179 184 147 125 136 152 148 176 179 194 170  45  79 131 129 129 110 110 132 125 102  83  94  98  99 120 111 107  99  83  69  67  63  58  71  91  91  74  68  61  63  66  65  65  63  62  65  68  69  67  70  81  79  68  67  68  60  63  76  77  66  55  56  52  47  80 101 108 168 190 146 113 116 110 121 143 138 122  95  73  59  49  75  76  64  87  79  66  66  67  69  75  68  80  91  89  82  80 
119 106  69  80  80  74  70 165 184 175 177 176 177 178 179 176 143 168 181 176 178 179 179 181 156 154 126 126 130 165 186 177 197 157  43  60 117 118 112 120 124 108  92  89 112 103  90 110  96  90  80  67  61  57  58  69  84  84  75  70  73  70  71  74  64  60  63  72  68  69  80  83  88  78  73  75  79  74  66  67  77  74  60  58  70  66  59  80  76  64 128 198 133 112 131 120 113 127 129  99  81  62  53  68  91  71  70 104  98  75  73  74  74  72  79  77  91  91  74  69 
140 204 112  63  80  80  64 115 190 176 177 178 177 177 175 178 186 182 177 177 178 178 178 185 162 145 173 154 164 158 185 179 183 203 167 101 104 111 121 128 116  98  99 112 121  97  90  87  91  90  72  84  97  91  75  76  76  65  69  75  73  68  77  77  70  65  68  72  71  84  84  99  97  78  75  78  75  75  70  79  82  69  65  68  71  67  45  96 130  85 135 174 138 137 131 125 133 121 119 104  70  66  58  63  79  69  65  80  98  81  78  96  94  69  71  72  77  78  74  71 
151 191 189 107  61  82  78  76 166 184 176 176 176 177 178 177 177 177 178 177 180 178 186 166 126 134 179 191 158 176 192 188 181 172 148 135 115 111 120 128 116  98 104 115  97  92  95  80  69  87 108 121 133 129  94  67  70  73  76  68  79  89  86  77  70  68  69  59  71  89  79 101 110  97  74  72  78  94  91  93  86  74  67  64  59  57  47  70 120 121 155 178 161 151 131 125 140 127 112  99  81  68  57  72  70  63  74  73  76  71  73  79  83  74  72  69  74  78  73  72 
183 177 181 189 109  65  82  69 127 189 177 177 176 177 175 177 178 176 175 174 173 172 166 155 171 199 190 194 161 147 156 145 128 120 124 103 106 113 113 114 106 100 103  96  97  95  77  68  76  88  82  72  71  81  89  94  86  73  74  75  88  91  90  82  74  60  74  86  97  89  86 119 122  92  69  74  75  84 101  97 101  94  69  59  56  59  53  44 108 140 117 170 154 137 136 142 135 117 104  89  90  81  55  75  71  64  72  70  64  68  78  90  96  79  73  77  85  85  84  86 
180 177 175 184 191 111  64  55 131 186 175 176 170 169 168 170 170 171 179 184 188 194 164 180 188 170 160 151 107 107 144 154 158 164 137 108 105  97  98 104  99 101  91 101 100  71  57  61  73 116 108  77  87  93 110 102  86  75  74  81  77  72  77  79  92  86  98 107 103  96 101 113  80  74  83  77  73  85  95  95 107 100  64  54  55  54  51  46  81 123 117 173 171 156 128 141 121 105 101 104  78  71  73  80  76  81  66  52  81  85  80  82  89  95  99  95  92  92  97  96 
178 179 178 174 178 182 135 115 171 181 176 174 182 188 197 195 160 166 194 186 160 143 123 124 147 149 157 171 148 121 142 156 149 138 109 106 103  87  89 117 105 105 102  96  75  57  60  62  69 105 100  83  91  88  89  84  92  88  79  80  78  78  82  90  98 104 101  82  92  93  94 129 109  89  96  80  80  96 102  82  78  87  70  58  54  51  46  48  67 114 130 178 189 161 122 138 111  88 118  97  69  70  71  75  74  79  70  68  95  82  73  82 109 119 122 133 119  98  97  93 
175 178 179 181 184 195 211 218 209 206 206 207 206 206 190 159  98  90 112 129 123 132 128 113 162 170 167 172 147  90 117 136 114 115 108  95  91  82  91 121 109 108 106  74  61  59  64  76  78  61  68  83  86  80  82  99  86  75  78  92  98  97 101  97  94  95  85  82  87  87 112 131  94  68  69  78  81  85  72  73  91 102  81  61  59  62  59  47  57 124 128 138 181 155 118 117 105 110 122  77  84  72  63  73  80  84  82  75  76  77  75  92 108 104  90 125 111 101 100  88 
192 198 191 192 180 174 170 149 140 143 141 129 113 107 106 114  99  96 133 152 157 160 136 121 162 159 153 138 118  65  54  58  79 114  98  86  83  90 106 119  99  97  81  63  71  75  66  78  83  70  72  88  96 100  86  77  67  74  79  94 102 111 115  97  87  88  87  80  86  90  90  99  88  92 112 103  87  75  77 115 116  85  76  83  70  65  56  51  52 127 157 108 159 162 128 119 108 116 110  74  82  73  71  93  97  98  92  76  67  69  81  85  89 110 117 106 109 109 101  91 
170 144 125 105 112 106 103  98  96  94  89 106 122 124 136 149 113 112 140 144 146 151 145  95 110 120 100  69  83  88  91 126 110 105  91  88  89 108 128 106  77  55  70  67  81  79  65  73  82  77  87  90  91  94  79  66  65  74  79  83  88 112  94  84  84  95  95  76  81  82  81  88  90 126 139 109 111 120 119 135 124 119 132  94  57  54  47  49  58 133 180 150 152 139 139 128  99  93 102  75  91  81  79  89 102 117 104  93  80  71  75  79  85  87 105 107 123  98  91  91 
157 156 158 164 172 167 167 161 165 168 149 153 159 151 160 162 136  93 132 146 126  92  80  62  79 134 142 154 170 144 146 136 103  95  93  93 113 130 120  79  70  87  93  76  71  70  99 112  98  79  81  93  97  83  80  85  77  70  74  82  83  91  88  96  90 102  90  79  83  85  80  74  83 107 102 106 129 101 124 140 144 154 140  80  61  58  50  45  69 138 190 183 156 129 139 108 104 105  90  75  95  75  85  89  76 104  93  86  88  90  78  81  85  85  81  84  90  89  82  77 
