COL=120
ROW=100
130 104  73 104 144 140 144 151 142 140 153 152 147 142 143 147 151 153 152 154 153 151 150 147 142 151 122  64  83 103 102 100  95  81  67  80  85  97  90  77  98 102  93  94  99 100 101  98  94  78 138 185 177 176 176 175 172 177 176 173 174 171 173 178 173 176 176 173 172 173 175 175 179 173 149 152 156 153 155 152 150 135 111 114 118 118 119 119 119 117 116 117 143 122 116 125 108 154 178 168 168 165 167 165 170 170 173 174 175 175 172 174 176 176 175 169 170 175 175 183 
136 125  96  73 120 140 141 145 137 140 150 150 151 145 145 146 146 151 153 153 155 154 151 147 145 143 145 120  82  81  95  94  93  80  73  80  84  92  92  78  93 103  92  91  93  98  99  97  88  78  84 160 182 172 176 175 174 173 178 178 179 177 169 170 172 176 174 175 171 168 172 173 175 178 163 157 160 157 157 152 131  97  82 115 118 117 119 118 117 120 110 125 145 117 122 125 121 116 161 172 167 168 164 163 166 171 170 172 172 172 174 172 172 179 175 176 176 175 175 175 
139 131 116  87  78 128 146 140 144 150 152 155 153 151 144 144 143 149 153 152 155 154 152 150 147 146 141 145 124  89  75  90 105  89  74  88  80  87  94  82  88 100  96  92  87  96  99  84  94 124  88  90 174 180 175 175 175 174 173 176 176 178 173 171 174 176 177 176 173 171 170 174 175 172 179 171 162 160 152 131 120 118  94  94 114 119 118 117 120 117 118 143 137 118 130 127 123 101 119 171 172 166 163 165 167 169 171 172 175 172 172 176 173 174 176 176 176 172 175 177 
140 133 122 107  76  87 141 146 145 149 147 152 151 152 152 146 145 148 152 152 155 154 154 151 146 148 147 141 141 121  85  77 101  97  70  81  84  86  90  88  90  97  96  94  93  96  97 109 139 145 117  72 106 184 177 175 176 177 176 173 173 178 179 174 170 171 178 174 177 174 171 170 172 173 179 177 166 157 120 110 130 129 108  92 103 117 118 118 121 116 119 145 126 124 131 130 123 110 101 130 176 169 165 165 164 161 167 173 171 173 172 173 175 172 173 175 175 173 174 184 
136 134 128 118 104  74 103 146 143 145 145 151 151 150 153 150 145 144 148 151 154 153 152 153 153 150 149 144 142 135 116  94  82  96  77  69  85  87  88  89  88  97  99  97  93  91 123 154 150 140 128 104  68 129 188 175 175 177 176 173 176 176 175 178 174 168 173 179 174 173 173 169 170 173 174 180 168 122 119 112 121 132 121 102  96 105 122 123 116 108 123 137 118 128 128 126 124 124 125 115 146 178 168 165 164 159 157 165 171 173 176 175 174 175 173 176 174 175 172 171 
137 135 133 129 125 106  78 119 149 143 144 148 150 153 152 154 149 144 143 149 152 155 153 152 155 153 149 147 141 140 134 117  97  83  78  71  85  81  84  88  85  93  99  88  95 142 159 148 138 136 129 123  96  69 150 186 174 178 175 173 173 175 175 177 176 173 168 174 171 174 175 171 171 174 174 175 179 141 121 122 113 128 130 117 100  95 114 121 119 115 127 135 116 126 127 126 126 127 130 131 119 156 176 168 165 161 154 152 170 174 175 177 173 174 174 175 177 175 175 168 
139 136 139 138 136 128  97  80 132 146 145 148 150 154 152 152 153 149 147 147 150 155 156 154 155 156 152 149 146 141 143 126 118 107  77  73  82  85  82  84  85  87  87 106 151 161 145 141 136 133 137 131 119  88  83 170 182 173 176 174 173 174 177 176 176 174 171 170 178 178 175 175 175 169 172 173 177 179 133 123 117 120 130 128 110  93  97 119 122 114 127 129 118 127 124 126 126 129 130 131 128 123 171 171 166 168 163 162 166 172 172 176 177 171 172 175 177 177 175 176 
140 144 148 147 142 134 123  91  87 141 145 148 150 150 152 151 155 152 148 147 150 152 156 158 154 155 153 150 150 144 141 140 116 117 107  82  81  85  86  85  78  71 118 166 159 143 141 141 139 136 137 136 131 119  83  98 179 177 176 176 175 172 173 171 170 175 174 171 169 175 177 175 174 171 172 174 172 179 170 126 123 114 126 130 126 107  97 109 120 114 130 116 126 130 126 126 130 132 132 131 134 124 135 177 169 166 170 169 168 172 175 174 176 175 176 175 172 174 179 176 
145 149 159 155 144 142 139 121  87 112 147 145 144 149 152 151 152 155 153 150 147 152 154 156 154 153 156 153 150 148 142 143 135 113 119 105  82  78  78  73  80 127 165 155 145 143 145 143 138 140 140 137 134 129 113  75 122 188 175 176 175 174 172 172 172 176 175 172 169 169 175 178 175 175 174 171 173 175 185 162 120 114 122 130 132 121 101  99 120 116 127 115 128 131 128 127 131 131 132 132 129 133 113 142 178 169 169 169 167 169 174 172 173 178 178 172 174 173 174 179 
157 156 156 151 147 147 149 137  96 101 133 149 147 146 151 154 152 156 157 151 148 150 153 154 155 154 156 154 151 150 147 141 142 134 113 114  98  84  61  76 147 164 148 143 142 144 145 143 143 143 145 141 137 133 126 107  74 143 186 172 177 177 175 174 174 176 174 174 175 169 172 177 174 175 175 171 173 175 173 184 151 111 120 130 129 128 104  95 117 112 121 115 124 127 130 130 131 132 134 128 134 153 121  98 158 179 165 161 156 154 171 175 174 173 176 176 173 178 169 172 
161 156 151 153 156 156 140 100  66  76  98 134 152 149 151 148 153 154 157 156 152 151 153 151 154 158 155 155 155 149 151 146 141 145 129 110 107  97 112 158 160 143 143 144 145 144 143 146 149 145 143 144 143 136 132 126  96  82 161 184 174 177 176 176 172 174 176 175 175 174 170 173 175 175 174 174 171 174 176 177 183 130 109 131 130 129 115  94 105 117 121 116 125 124 127 130 133 134 127 140 166 162 143 101 105 168 170 157 156 158 170 172 176 173 173 174 173 175 177 173 
156 155 156 156 158 135  90  65  61  61  59  91 150 150 148 152 152 150 154 156 155 151 149 150 153 156 156 156 157 151 150 150 142 141 145 120 108 140 165 153 144 144 145 145 146 146 149 151 149 147 144 145 143 142 139 132 120  82  92 180 177 172 178 177 173 173 177 178 176 175 172 169 174 178 178 174 174 170 172 171 179 174 126 128 134 130 127  97  97 123 125 116 125 126 126 130 129 123 154 177 170 160 152 135  95 124 170 165 164 171 170 171 171 173 172 174 176 173 175 177 
157 157 163 160 120  98  93  83  73  64  58  56 106 154 146 150 153 151 153 155 156 151 149 149 152 153 155 157 154 154 151 150 145 140 135 137 148 158 146 142 142 146 146 147 147 150 150 150 149 149 145 147 145 144 143 135 127 113  76 112 186 176 173 177 176 173 172 175 176 175 177 172 171 175 177 181 176 176 172 171 173 182 168 127 131 132 133 104 100 134 120 117 125 127 129 121 125 163 185 172 166 164 160 151 127  95 140 178 167 169 171 170 168 166 174 173 179 176 173 175 
164 166 154 119 100 109 110  98  89  82  68  61  59 117 156 149 149 150 153 155 156 156 153 147 148 153 153 155 155 155 153 151 148 146 139 136 153 150 142 144 144 143 144 148 150 151 149 148 150 150 150 147 146 145 143 140 135 131 115  74 135 187 174 175 174 176 170 169 175 177 178 173 170 169 174 173 172 172 172 172 173 172 185 154 116 127 125 111 104 133 114 119 127 129 118 131 177 186 172 172 168 167 162 159 150 120  96 157 180 169 169 166 158 157 166 173 172 176 177 174 
168 141 104 107 115 109 107 101 101 102  88  74  64  66 134 155 149 151 154 155 153 156 155 150 147 150 152 155 155 155 156 153 151 148 144 140 137 149 151 146 146 146 148 151 150 149 152 152 149 151 152 151 148 142 142 145 147 142 135 109  79 152 183 172 176 176 173 173 171 173 175 175 176 173 167 176 177 174 175 173 172 171 174 185 138 115 130 125 103 128 113 120 124 115 144 185 184 173 171 171 171 167 168 164 158 147 107 103 170 178 162 153 150 155 159 171 173 174 176 175 
126 100 111 116 114 110 108 108 104 104 104  86  70  60  84 145 151 149 153 154 155 155 157 156 147 149 153 153 155 155 157 155 153 149 147 142 138 143 153 148 149 148 152 151 148 152 156 152 148 149 153 151 147 147 150 151 153 153 147 133  94  90 169 183 173 176 175 174 174 169 176 178 177 175 172 170 175 184 178 175 170 173 173 177 180 111 112 119 100 124 110 114 119 160 191 181 174 175 175 170 172 172 169 167 164 155 140  98 114 176 163 136 153 153 160 169 172 171 175 179 
101 118 114 110 111 112 109 112 108 103 106 104  77  67  65  92 152 149 151 152 154 153 156 157 153 150 150 153 154 157 156 156 155 151 150 147 142 139 145 153 154 152 149 148 152 153 154 152 149 148 149 150 151 151 155 155 156 155 145 146 123  86 113 177 175 172 178 178 174 173 172 173 176 177 172 171 169 166 167 176 177 170 173 173 184 160  71  78 117 112  99 124 177 193 178 175 176 176 175 175 174 172 169 169 167 160 153 135  96 131 175 163 160 149 136 162 170 174 174 175 
118 118 115 111 110 111 109 111 110 109 107 105  95  81  70  60 112 154 150 153 152 153 152 156 157 150 150 152 154 158 156 156 156 154 152 150 146 140 139 150 160 155 155 155 153 152 153 154 154 148 146 154 162 159 156 160 154 154 151 127 109 104  92 128 186 175 173 178 179 175 173 171 181 181 177 173 173 173 170 170 176 175 173 173 174 187 144 103 116  87 133 190 189 176 178 177 176 175 177 177 172 175 171 169 168 163 161 154 126  95 151 179 168 154 131 150 170 173 174 171 
119 109 108 115 110 109 107 112 111 112 111 106  99  92  77  65  61 125 156 152 151 152 155 153 157 155 152 150 153 153 157 157 155 157 152 149 150 145 138 139 155 165 161 156 157 155 154 152 151 149 153 158 164 164 158 161 159 161 128  99 107 106 102  97 143 186 172 175 176 174 176 172 170 175 177 175 172 170 180 184 178 178 174 171 172 174 191 151  90 147 196 187 177 177 177 175 176 179 175 173 176 177 174 172 169 169 164 158 150 111  99 161 172 162 155 152 169 171 174 178 
120 107  95 109 113 108 106 110 112 110 110 110  95  89  93  83  70  75 133 155 150 150 154 155 158 158 155 153 151 151 154 158 156 157 154 150 150 148 143 138 142 161 161 156 160 158 152 152 157 160 158 160 164 165 158 164 159 102  95 108 109 107 103 106 101 161 184 171 176 180 176 174 172 171 174 177 178 172 168 171 175 176 172 175 173 172 175 177 172 199 185 179 181 178 176 180 178 177 176 177 175 175 176 173 175 171 168 161 158 149 106 106 166 169 165 164 168 173 171 173 
115 120  99  93 105 111 107 109 112 109 108 110  95  81  89  90  94  83  94 145 154 151 152 153 157 156 158 154 149 151 155 157 157 154 154 152 148 151 147 142 136 146 160 157 155 153 152 158 159 161 160 164 160 164 166 150  89  69  82  89  97 104 105 108 102  99 173 181 174 176 178 173 176 173 173 177 177 176 174 169 174 178 180 177 174 172 174 177 189 191 181 182 181 178 181 181 177 180 177 178 177 175 176 176 174 171 172 166 166 161 139  98 125 173 169 167 171 172 174 173 
108 118 116 101  93 110 107 109 111 108 107 106  95  74  80  89  91  91  85 111 152 151 152 153 154 156 158 159 152 146 152 155 159 154 153 152 151 152 151 144 138 139 149 155 149 152 158 155 159 164 163 162 163 165 135 100  82  82  79  80  79  88 101 104 105  79 118 184 176 170 176 178 174 173 171 175 178 178 177 172 167 172 177 178 175 173 175 174 175 184 186 184 183 181 179 180 180 178 179 178 177 180 178 176 177 173 170 171 167 162 154 131  96 139 179 171 168 172 173 172 
103 115 120 116  95  83  85  85  94 101 103 103 100  83  76  91  92  94  93  87 121 150 154 157 154 155 157 158 156 150 149 154 153 152 154 155 155 151 149 151 144 140 138 151 153 156 160 159 163 162 160 165 158 120 100 101 101  94  86  76  77  79  81  84  86  93  89 138 186 172 172 178 178 177 175 171 175 179 175 174 172 170 174 175 173 176 170 172 170 176 188 187 185 181 182 182 178 178 177 180 180 178 178 178 179 177 174 174 171 167 161 155 126 101 148 178 170 169 172 171 
105 113 116 117 103  76  78  65  62  72  84  99 105  89  83  92  94  92  95  91  90 137 155 153 155 155 156 157 160 153 150 151 152 155 154 155 155 153 150 151 147 143 139 144 153 157 159 162 161 158 165 145 112  98 105 103  99  97  98  92  85  80  83  83  87 103 103  95 154 184 174 173 173 176 175 175 175 174 173 174 177 173 169 173 178 176 173 174 177 175 179 187 185 184 184 182 182 181 177 183 180 177 178 179 181 179 177 175 174 171 166 166 146 133 121 159 180 169 172 175 
109 106 115 117 112  94  71  66  70  63  58  68  78  83  91  94  93  93  90  96  92  90 145 153 153 153 157 160 159 157 151 150 149 151 155 157 154 153 154 150 152 147 142 140 148 159 159 157 161 161 141 106 104 107 105 101 101  99 100  99  97  88  77  78  88  98  95  84  96 170 186 173 176 178 180 175 173 172 174 176 175 172 171 169 178 174 176 173 170 173 175 182 188 184 181 184 182 182 179 179 179 179 179 180 181 177 174 174 177 176 175 151 143 152 140 117 164 175 172 171 
107 110 117 116 113 107  95  71  67  68  61  58  60  75  84  92  94  90  96 117 115  80  95 152 153 154 155 159 158 157 154 152 150 150 152 154 157 154 153 152 150 149 146 142 141 151 160 164 155 117 106 111 111 110 100  97 102 100 100  99  88  94  96  85  79  79  88  98 107 123 176 180 173 176 177 177 174 173 172 179 177 173 173 168 167 180 180 176 175 172 175 176 186 190 183 177 176 180 179 177 181 183 181 181 182 180 176 177 183 177 149 138 148 144 148 130 126 178 174 170 
113 110 116 116 113 104 107 100  76  64  64  61  61  65  67  70  80 111 134 133 120 104  70 112 158 153 155 156 157 155 155 155 153 151 150 152 154 154 154 154 151 149 147 142 140 139 155 145 116 113 114 114 113 116  89  81 102 101 101 100  82  92 103 100  99  99 101  99 104 105 131 187 180 172 177 178 176 174 171 172 173 180 175 172 172 173 177 179 179 173 170 173 177 188 188 182 181 182 183 183 185 182 180 181 180 177 181 186 173 143 138 147 144 143 142 143 119 138 179 173 
133 107 109 115 115 109 103 108 105  81  66  66  62  65  60  67 111 147 138 129 126 121  97  65 130 161 157 156 154 156 154 155 151 148 147 151 154 155 154 155 154 150 148 144 140 137 144 120  94 115 122 122 125  95  70  91  95 109 108  98  83  93 101 103 103 102 107 105  97  90  88 148 187 173 169 173 177 176 176 171 169 172 176 177 176 169 173 176 177 176 172 175 177 180 189 191 187 183 183 181 183 180 180 180 182 183 187 165 138 140 147 146 143 141 140 134 132 113 152 180 
151 123 106 116 115 113 108 105 109 101  76  70  64  52  70 134 152 143 135 128 130 126 112  76  74 146 158 155 156 155 153 153 155 154 148 148 152 153 155 152 154 151 148 148 144 137 137 146 116  92 100 105 119 114  81  77  75  89 118 112  86  94  96 100 100 103 107 110 111 103  96  98 162 185 176 173 175 177 175 174 173 175 173 174 177 175 172 172 176 178 176 172 173 170 180 193 189 186 186 184 181 183 184 184 192 189 152 133 142 143 142 143 143 140 138 135 138 137 118 167 
152 148 119 112 116 113 118 108 106 108  96  78  70  90 146 154 141 136 139 137 130 120 119 110  78  89 153 156 157 155 152 150 155 155 149 147 148 152 155 153 153 152 149 149 147 140 140 142 147 112  97  98  98 101 101 116 123 103 118 121  92 117 108  96  98  99 103 105 107 108 109 101 113 177 180 173 175 175 175 174 174 173 173 179 174 176 170 159 174 181 178 174 173 172 172 183 192 190 187 185 184 184 184 191 182 145 131 143 143 143 142 141 138 135 133 127 128 138 124 118 
151 153 144 111 115 118 120 112 109 110 105  88 122 156 151 141 140 139 142 139 134 128 129 123 111  75 106 160 153 151 150 151 152 155 151 148 148 151 152 152 153 153 151 145 147 148 141 136 144 140 106 105 101  80  86 104 110 119 126 116  92 130 126 118 112 105 104 103  99 102 104 102  94 130 182 179 175 173 179 179 173 174 172 173 174 177 176 173 171 175 176 177 176 171 174 175 186 192 188 186 184 185 196 174 136 132 133 127 125 120 115 117 115 111 106 109 116 119 121 112 
154 151 152 131 114 118 119 114 110 105 113 140 155 145 141 142 141 145 141 142 146 144 138 132 126 107  75 129 159 150 151 152 151 154 155 150 148 148 151 151 152 151 151 149 149 151 146 139 135 147 135 107 103  89 112  96  92  88 101  98  96 131 129 128 125 126 123 119 109 103  98 101 123 102 142 186 180 174 171 178 179 175 174 171 174 178 175 175 174 173 176 176 176 174 172 174 177 190 192 187 194 196 157 115 111 106  97  96  95  97 100  97 101 106 113 125 129 133 136 135 
156 155 150 152 136 118 119 114 110 122 150 152 145 143 142 144 143 146 145 151 149 151 149 141 133 125  97  75 141 154 150 153 153 154 154 150 149 147 149 151 152 153 151 153 150 149 149 144 138 139 149 131 113  94  79  79  84  85 104  89  88 111 121 127 131 127 121 119 124 117 117 152 158 117  95 161 186 175 172 172 177 178 174 173 172 176 175 176 175 169 170 178 177 176 173 170 174 177 191 198 192 125  81  92  94  99 106 115 120 125 127 126 127 130 129 129 130 129 131 137 
152 157 153 153 150 128 117 117 136 154 147 141 141 143 143 143 144 144 147 146 152 154 150 146 139 133 123  84  84 146 149 151 152 151 152 154 153 150 149 151 151 153 154 155 153 151 149 146 144 140 141 147 125 111  96  97  91  91 116  96  92 107 102 108 116 112 106 102  94 123 173 172 155 144 108 101 175 181 177 172 172 176 177 173 174 173 175 177 176 174 171 172 178 179 174 171 170 174 186 183 116  97 113 115 119 123 123 121 123 124 125 129 130 130 130 131 132 134 133 138 
155 152 154 154 152 146 129 146 153 147 142 140 144 139 136 138 144 149 146 148 153 149 151 147 145 139 130 113  77  97 154 150 152 154 154 154 156 153 151 148 150 152 153 155 155 154 151 150 146 142 137 142 143 121 117 117 116 114 113  93  99 115 111 108 106 107 104  96 135 181 174 162 161 154 139  98 117 183 180 175 171 176 179 177 175 174 174 175 176 175 174 173 173 176 175 176 172 173 177 168 109 116 121 118 116 118 119 118 121 122 124 127 128 130 131 131 139 141 138 143 
155 153 152 155 153 152 158 154 142 145 143 143 140 132 136 142 147 147 149 151 150 144 145 146 142 133 135 126 111  71 118 157 155 156 154 154 154 153 154 151 152 150 154 155 156 155 151 149 150 145 142 139 145 138 114 116 108  87 111  91 102 116 113 116 117 104 108 159 191 176 166 167 164 160 157 131  90 135 184 176 179 173 174 178 176 175 171 170 175 177 175 172 170 175 177 177 175 172 171 186 159 104 116 117 115 114 116 118 120 124 125 126 126 131 131  97 124 142 137 137 
154 161 154 152 152 149 152 153 148 145 146 143 140 144 147 145 147 148 150 148 145 145 144 146 143 135 134 132 125 103  80 133 158 152 154 154 153 154 154 154 152 150 151 154 156 153 152 151 150 149 144 140 139 146 134 116 105  87 115  90 107 114 117 118 103 120 178 189 173 170 169 167 167 165 159 148 121  92 153 187 177 176 171 175 176 173 171 169 171 176 177 176 173 170 177 179 176 172 167 175 183 144 107 115 115 115 116 117 120 121 123 125 128 124  98  94 110 125 145 147 
151 156 152 151 152 154 152 156 154 148 151 149 150 155 152 153 152 151 149 144 145 149 147 136 140 146 142 137 137 132  95  79 145 159 154 151 149 155 156 155 151 151 152 151 153 153 153 152 150 150 147 143 139 138 146 132 102  96 115  88 111 120 113 105 143 190 184 172 173 171 170 170 166 162 162 156 147 112  99 169 182 177 177 175 174 174 173 171 171 174 175 175 174 171 171 177 178 177 175 170 177 186 131 107 118 119 120 121 124 124 123 124 129 131 106  92  89  85 134 151 
147 150 153 156 153 152 152 150 150 157 154 154 158 161 159 161 155 152 148 147 146 142 144 139 139 148 153 147 142 136 127  86 100 154 154 153 151 151 156 157 154 151 150 152 152 155 156 154 152 150 151 147 140 136 141 146 122 116 111  87 118 111 110 162 193 179 175 175 173 174 173 170 164 168 166 159 157 145 101 113 181 178 178 174 168 171 174 175 175 170 173 176 175 175 170 171 178 180 177 173 170 180 178 124 121 125 123 125 127 130 131 133 137 145 141 116 130 116 117 134 
147 148 154 157 154 153 155 151 154 156 158 155 158 160 161 159 158 154 149 152 148 139 142 141 149 157 152 149 143 144 126  99  92 121 153 151 150 152 153 154 155 152 150 152 152 151 153 156 154 151 149 149 143 139 138 144 138 116 108  91 103 120 177 191 177 176 175 174 175 175 170 171 171 168 167 164 163 156 137  91 128 184 178 176 171 156 162 174 174 174 173 176 177 177 175 171 169 175 179 175 169 171 183 172 129 132 136 137 136 137 139 141 142 123  87  91 107 139 144 135 
152 149 151 154 159 163 160 157 152 151 159 161 158 157 159 158 160 155 154 149 149 144 150 151 151 160 156 154 152 117  94  98  99 100 126 149 147 150 152 154 155 154 153 149 151 153 153 154 151 152 148 150 147 142 136 138 143 132  95  88 134 188 185 175 176 174 176 178 174 173 175 176 171 169 168 168 164 160 155 128  89 149 188 176 175 168 166 175 175 173 173 173 175 175 178 175 168 173 177 176 175 171 173 186 161 124 132 133 133 129 130 130 135 108 125 114 104 113 140 135 
155 155 151 152 157 161 159 161 154 151 152 162 157 152 153 157 157 150 156 149 151 153 156 159 158 156 160 146 107  94 100  98  97 100 100 134 151 149 153 153 153 157 154 153 152 153 155 153 152 154 153 148 148 146 138 134 140 149 107 142 196 182 174 177 175 177 179 176 174 177 178 171 174 171 169 169 164 163 162 149 114  96 165 183 175 175 171 173 178 176 174 174 174 174 178 176 174 172 176 184 179 174 170 174 186 144 118 130 129 128 128 129 131 121 107  90 133 121 120 141 
156 155 155 151 148 154 156 156 159 152 153 153 157 150 150 150 150 154 157 154 154 159 159 159 159 164 145  99  92 102 100  97  99 102 104 108 141 150 149 150 153 156 157 155 152 149 150 151 155 154 152 151 149 148 145 138 136 140 153 191 181 177 178 175 178 178 174 177 178 174 177 176 173 173 174 170 167 169 148 144 146 105 105 175 180 176 175 168 172 177 177 173 172 173 176 172 176 172 169 177 180 171 173 170 179 186 136 121 130 129 128 128 128 131 112 112 136 125 128 150 
160 157 158 150 146 154 158 157 159 161 158 153 158 158 151 150 147 155 155 160 161 159 153 163 171 132  92  95 100 100 103 103 103 105 110 115 124 149 153 149 152 151 155 155 154 151 149 152 153 152 153 154 149 145 149 145 141 143 144 154 181 178 176 178 179 175 176 179 177 177 179 175 172 174 171 170 170 167 158 152 153 140  97 121 181 177 176 171 168 173 177 173 173 172 173 177 177 174 172 170 176 181 179 174 170 179 177 125 124 125 126 127 127 128 132 135 130 141 148 143 
156 159 157 153 155 154 155 158 154 158 155 157 156 158 153 150 147 153 159 158 162 159 168 165 107  83  98  98  99 103 105 108 108 108 109 111 100 117 152 152 149 153 152 155 155 153 150 153 154 153 155 153 152 147 146 149 147 144 144 140 161 185 177 178 177 179 178 179 177 179 179 175 176 174 172 173 171 168 169 164 158 154 134  92 138 184 177 177 171 169 176 177 175 174 172 175 176 178 174 172 169 176 176 177 172 170 185 167 121 125 126 125 128 129 127 130 145 146 148 152 
158 158 157 155 152 149 151 156 164 155 158 156 150 157 160 157 157 156 161 158 157 171 152  81  71  98  98  96  99 103 105 107 107 105 107 104 103  95 129 153 149 151 152 156 157 153 153 151 154 154 152 151 153 154 150 152 151 145 143 141 141 169 181 178 178 178 175 179 177 179 177 176 175 174 175 175 171 170 170 168 165 162 161 132  98 152 182 174 174 172 168 174 179 175 174 173 174 177 175 174 172 171 178 176 175 172 173 186 154 123 133 127 128 127 135 150 152 150 151 152 
157 158 160 159 153 150 150 152 158 157 156 157 158 153 154 166 166 163 160 158 161 136  79  64  96 101  98  97 101 104 105 103 106 104 104 105 110  99  99 136 150 150 151 152 155 157 155 154 151 152 150 153 153 154 154 151 153 150 144 142 138 143 176 184 175 178 179 179 178 176 175 178 176 173 173 172 173 173 172 169 170 178 152  98  97 110 163 180 175 177 171 169 175 176 175 173 171 174 180 178 172 171 171 179 177 173 171 175 188 141 115 132 123 138 158 158 153 152 156 156 
153 155 158 158 156 153 150 151 153 157 160 154 154 156 152 159 172 163 168 162 114  78  75  80  96 100  99 100 103 105 105 101 103 107 104 101 111  99  94 118 152 154 152 155 157 161 161 158 154 153 153 153 156 154 155 153 151 152 149 141 140 141 151 181 182 177 179 177 176 176 177 177 176 175 174 175 176 175 170 175 185 146  89  70  83  98 120 176 177 175 176 172 173 176 176 178 175 172 176 178 177 171 171 174 181 175 171 169 182 180  79  96 150 160 156 151 153 159 158 158 
152 155 157 154 157 155 152 148 150 153 157 155 157 158 151 152 164 172 155 104  84  92  84  78 100 104 102 102 101 103 103 104 103 106 101  99 117  95 100 110 123 148 153 154 158 158 162 159 154 153 152 154 155 156 158 156 150 150 152 145 141 140 137 156 184 179 179 175 176 177 177 176 174 174 174 177 177 174 186 181 120  82  91  94  80  78  88 127 183 176 179 175 170 174 179 176 174 173 172 174 177 176 171 173 181 183 175 171 169 185 156 131 163 157 153 155 159 158 156 156 
156 155 153 154 154 157 155 150 149 154 154 156 155 157 156 153 151 153  98  94 101 102  83  90 106 105 105 102 103 104 104 106 104 104  98 103 124  91 102 109 102 129 156 154 154 156 159 159 155 154 153 152 154 157 156 155 162 152 151 149 145 141 140 139 162 184 177 178 179 177 176 175 176 177 177 175 176 191 173  98  70  90  95  97  93  80  79  81 146 183 175 179 176 172 174 177 176 176 173 171 174 177 177 171 168 179 181 176 173 170 190 185 155 156 157 158 159 159 160 155 
152 155 157 158 156 156 154 153 150 152 155 155 155 156 155 153 151 146 123 112 110 104  79 105 110 105 102 101 102 105 104 104 106 104 100 106 118  95 103 108 102  99 137 158 153 153 153 158 157 156 154 152 154 151 154 149 148 152 149 149 149 147 143 142 143 171 182 178 177 176 176 177 176 178 178 181 193 156  88  68  84  89  90  92  95  92  87  80  90 160 182 175 176 174 171 176 179 176 174 172 172 177 178 173 170 173 171 174 176 172 173 185 171 157 163 158 157 159 155 154 
154 150 153 153 155 155 154 157 153 152 150 151 157 156 152 156 156 159 154 121 121  99  84 112 109 107 105 102 102 105 103 103 106 105  98 109 116  91 106 106 104  95 104 147 157 153 156 157 160 155 155 155 153 153 151 152 147 154 153 149 151 150 145 142 141 148 176 181 177 176 178 175 175 178 187 191 130  66  91  88  78  84  89  91  94  96  93  89  83 105 177 178 175 177 174 169 176 179 176 176 172 172 177 177 176 171 176 177 176 174 172 174 183 173 162 161 156 154 153 154 
145 150 150 149 154 158 157 158 159 152 150 158 156 156 155 158 161 157 153 145 120  94  92 112 111 107 103  99 101 104 100 100 103 106 100 109 111  87 108 109 103 102  95 116 156 156 155 156 156 158 157 155 152 152 153 153 156 154 155 152 151 150 148 142 140 142 155 182 181 179 178 179 178 190 176 106  64  76  86  98  85  79  85  92  97  95  97  95  90  87 122 183 179 173 177 174 171 176 178 176 174 173 175 177 178 175 170 177 180 176 174 170 177 185 168 160 156 156 155 148 
138 143 154 155 154 156 156 155 157 156 149 151 155 155 157 153 157 160 148 157 132  85 103 111 110 107 104  98  98 101  99 100 100 105 101 106 104  93 108 107 106 100  94 101 125 157 156 156 153 157 159 157 156 150 152 150 153 156 155 154 151 149 150 144 140 141 141 162 184 180 176 179 194 167  92  73  81  80  80 101 107  79  81  86  95  95  92  96  98  94  87 141 187 175 176 177 171 173 178 175 176 174 169 174 174 177 173 171 175 175 174 174 172 179 181 160 159 158 150 144 
143 144 143 152 150 150 154 155 155 157 152 147 151 155 154 159 157 156 153 150 157 106  94 114 112 109 105 101  99  99  99  99 101 106  98 103 103  95 107 107 102 102 133 122  93 137 159 153 152 154 156 157 155 152 148 151 154 156 156 155 154 150 149 149 145 140 141 139 169 185 186 190 151  98  95  98  87  81  82  88 114  93  83  92  93  99  98  94  99 100  92  90 155 186 173 176 176 172 172 177 176 173 174 171 175 177 175 170 169 181 177 174 171 170 182 178 156 147 143 147 
151 143 143 148 154 151 148 153 154 154 160 156 148 153 155 156 158 155 157 153 155 149 104 107 113 111 107 103 103 101 101 100 100 103 101 109 102  93 107  95 111 157 166 144 112  98 148 158 149 152 153 154 157 152 150 153 156 154 154 155 158 154 152 151 148 145 142 140 142 182 183 115  87 102 103 100  94  91  93  85 100 114  91  95  95  95  97  95  95  96  94  93 102 170 182 173 177 176 172 177 178 174 176 172 172 176 178 176 172 173 180 178 175 173 175 185 162 144 146 148 
155 147 143 143 148 150 149 151 154 155 158 157 153 149 155 155 155 156 155 157 154 160 145 106 109 110 111 107 104 102 101 102 101 102 103 113 106  90  92 123 173 174 158 153 139 103 109 152 152 151 152 155 158 154 153 151 153 154 153 156 155 155 152 149 151 147 143 140 142 155 119  77 101 105 101  98  97  94  94  93  88 118 108  94 100  97  96  95  95  98  96 101  97 115 178 179 175 176 175 172 177 178 178 177 172 170 178 180 174 168 173 179 177 174 172 174 180 155 149 152 
121 157 145 137 143 147 150 147 149 154 156 158 156 150 150 151 152 158 158 156 154 150 159 133  99 108 106 103 101 101  98  99 102 103 101 112 102  75 142 186 175 163 162 155 152 136  91 113 158 152 150 152 155 161 157 152 152 153 155 155 156 156 153 152 151 149 145 141 141 144 132  90 100 103 101  96  97  97  91  94  90  99 118  98 103 103  98  99  97  94  94 102 106  95 131 181 175 176 176 175 171 178 179 176 177 173 174 177 179 175 170 172 176 175 172 172 180 181 156 155 
 83 142 156 141 143 147 150 154 148 152 154 157 156 154 152 149 155 157 158 152 156 158 153 158 114  88  88  95 103  99 100  99 101 103  99  92 103 149 189 175 168 167 164 162 159 148 122  93 131 159 151 149 153 156 157 155 153 151 156 154 154 156 155 155 154 152 150 147 140 141 151 128  97 102 103 102  98 103 102  99  97  85 105 111  99 103 103  98  99  95  93  97 103  99  96 145 185 173 176 177 174 171 176 177 177 174 172 175 178 176 174 170 176 178 179 172 171 181 178 160 
101  91 149 152 140 140 147 151 151 154 152 154 156 155 156 153 150 151 153 156 155 157 153 152 154  89  74  88 107 104 100 101 102 100  87 113 182 190 176 178 174 174 177 171 163 156 149 116  93 143 153 150 151 155 161 158 155 153 152 155 154 154 155 156 153 151 153 146 144 143 141 149 118  97 101 104 103 102 104 105 104  94  89 107 102 101 104 103  99  98  98  98 101 100  93  99 166 181 175 177 175 170 171 178 178 176 173 174 174 175 176 175 174 178 178 178 173 171 185 173 
123  94 106 151 146 141 145 147 149 150 152 151 156 156 156 158 155 149 155 158 157 152 156 151 154 153  94  83 108 103 100  99  98  97 141 197 187 174 171 167 160 159 158 153 152 156 154 142 107 109 151 154 154 158 152 157 159 154 151 153 155 155 155 155 153 151 148 151 148 144 140 142 147 109  97 103 103 102 101 104 106 104  91  95 105 101 106 108 101 102  97  97 100  98  96  88 101 183 180 174 177 177 174 172 177 179 177 175 174 175 176 177 175 173 178 177 176 175 176 184 
142 110  82 123 153 143 141 144 148 151 150 153 153 151 157 159 155 154 152 153 157 160 155 157 150 159 128  90 105 101 103 102  99 122 145 127 122 121 119 117 116 109 110 108 107 116 124 129 132 121 128 143 147 150 142 150 164 160 154 154 155 154 152 155 154 154 151 151 150 146 144 141 147 140 103 102 105 105  99 102 105 104  99  94  97 101 102 108 104 105  98  96  90 101 119 105  64 114 188 175 173 177 177 172 172 180 177 177 173 172 177 175 177 173 171 178 177 174 172 178 
112  90  91  89 132 158 143 141 145 147 149 153 155 156 156 156 155 155 153 152 154 158 158 157 161 157 162 129 106 109 107 103 104 100  91  95  98 102 108 112 116 124 131 131 123 120 114 113 117 118 117 117 119 126 129 130 137 146 149 153 153 154 155 156 155 156 154 151 152 150 145 141 137 146 132 102 105 106 102 102 102 106 102 100  98 101  97 100 105 105  99  89 102 132 127 112  94  68 137 187 174 174 178 175 171 174 178 176 174 174 174 178 179 176 174 176 178 175 175 171 
 91  94  90  88  95 144 153 141 140 145 147 153 152 151 155 155 157 154 154 150 157 165 165 150 138 124 112 106 107 109 110 110 106 105 115 119 119 122 126 136 138 140 144 144 146 140 133 130 132 125 124 123 117 120 119 118 111 107 120 125 131 141 149 152 159 160 156 151 151 151 148 145 139 138 149 123 100 108 107 100 100 104 103  97  94  93 101  96 101 104  95 118 146 133 118 118 116  96  79 158 189 174 176 179 175 169 176 177 175 177 174 174 178 177 174 171 176 174 176 173 
103  99  92  94  92 106 151 148 141 141 146 145 148 149 152 154 154 161 162 157 147 129 108  94  91  96 101 109 111 116 117 111 112 122 128 124 121 131 133 141 138 135 123 118 128 130 128 113 105 114 121 121 115 114 116 116 117 108 109 111 114 115 127 134 139 147 155 160 157 149 151 149 143 139 142 148 116 105 108 100 101 103 102  97  94  89  95 105  90  97 134 149 135 129 128 129 125 117  86  92 178 183 174 176 177 174 171 178 179 176 178 175 174 178 177 175 170 179 182 175 
105 104  97  95  94  91 115 156 146 139 142 146 148 149 152 159 165 160 139 111  92  88  93  96 101 105 108 109 111 117 115 114 117 122 120 111 122 131 134 136 128 134 132 119 127 126 122 113 101 101  99 102 100 103 110 116 123 135 124 116 113 112 109 113 117 121 124 132 141 147 151 153 148 142 140 145 145 113 105 102 100 103 102 100 100  95  86  94 110 143 151 135 133 134 137 136 135 128 115  78 110 186 177 170 174 177 177 174 179 179 178 176 174 178 180 177 174 173 177 178 
108 104 100  98  96  95  89 131 158 143 141 145 151 159 156 145 122 101  89  90  95 104 108 111 107 100 100 107 113 111 125 137 138 131 126 129 135 133 135 136 141 139 132 131 148 136 119 113 123 113  93  98 104 100  97 109 112 120 134 130 121 120 111 110 114 111 118 119 115 120 128 135 148 148 143 140 148 141 105 106 104 103 103 102 101  95  76 110 160 147 141 138 140 143 141 140 138 136 127 109  73 131 191 177 172 176 176 172 174 177 177 176 177 173 175 176 177 170 171 178 
105 104 102 100  98  95  90  90 143 155 148 149 145 134 109  88  84  91  96  97 105 109 107 113 125 118 111 116 124 131 130 126 133 131 139 138 139 131 130 138 142 127 127 141 149 139 122 122 126 118 106 107 104 106 104 110 112 111 119 125 129 131 131 125 119 113 122 123 119 122 130 123 120 128 139 142 139 149 129 103 105 103 104 103  98  95 125 158 148 144 140 142 149 145 143 146 143 137 133 125  95  67 151 190 174 173 174 176 174 174 181 178 175 173 173 178 177 175 174 175 
100 104 104 103  98  95  92  83  99 155 144 116  95  86  88  94 104 100  97  99 106 108 104 116 122 121 116 109 114 114 117 112 107 109 117 115 110 108 112 127 130 141 158 146 120 128 147 148 130 109 111 116 105 104 106 112 118 113 109 109 108 110 112 121 123 120 124 120 125 121 129 134 126 123 126 125 132 143 153 105  88 108 104  95 106 146 160 148 145 146 145 147 149 146 148 146 142 141 135 121 113  80  82 172 186 173 173 177 178 174 172 178 177 174 173 173 178 177 175 173 
 97  98 101 101  94  91  85  92  98 102  88  82  88  93  96 102  99  96  95 101 109 110 104 104  96  95  97 101 110 104 104 104 112 108 104 113 117 112 115 124 137 143 134 128 122 126 147 162 143 121 116 112 113 111  95 105 119 113 117 125 111 105 105 103 117 130 132 127 113 114 115 116 114 122 123 127 123 117 131 141 109 103  94 118 156 152 144 147 147 150 153 148 147 150 148 143 145 142 129 122 121 112  78 100 183 183 174 173 176 175 172 174 179 178 175 171 172 178 177 173 
 99  93  94  95  91  93 117 101  87  81  88  92  93  95  98  97  96 101 110 113 105  97  94  96 111 105 109 114 121 127 123 119 114 106 102 105 114 101 113 117 112 102 101 110 119 112 117 138 150 127 120 120 112 106  95  96 129 111 127 129 120 105 106 116 121 126 132 141 135 125 120 119 120 116 111 116 122 112 108 123 127 107 132 160 153 144 145 147 147 150 150 151 151 149 147 146 142 135 132 128 125 120 108  74 120 192 179 173 173 176 178 171 174 177 177 174 171 171 176 178 
 98  94  89  93 106 115 109  90  86  88  89  91  96  90  93 100 107 100 101 102  98  95  98 120 139 122 119 120 130 143 141 149 135 114 104 106 109 105 106 118 112 115 126 119 120 118 115 145 137 106 105 107 111 119 120 116 109  89 102 116 120 119 106 102 112 119 123 120 126 135 133 128 130 128 127 117 119 120 123 122 113 114 143 156 154 148 146 151 147 150 154 154 152 152 151 143 138 140 136 131 129 127 123 103  75 144 193 175 173 176 179 175 171 175 178 176 172 172 174 178 
 94  94 110 112 107  98  88  97  95  91  95  96  94  92  95  96  93  99  97  98 101 111 130 129 131 135 135 143 145 143 145 154 139 127 125 126 139 131 114 105 123 121 147 135 121 115 107 128 133 129 114 101 114 131 135 117 104 103 103 105 105 115 118 101 104 107 125 129 125 123 127 129 131 123 120 129 128 127 122 136 137 126 109 119 141 154 155 151 150 155 155 154 152 151 146 143 143 142 139 138 134 130 127 122  95  76 163 189 176 171 172 174 173 169 174 177 174 175 173 175 
103 123 125 103  93  97 105 108 107 106 101  93  87  90  93  96 103 102  98 109 129 147 142 143 148 151 145 141 140 138 140 146 141 141 147 143 131 138 113  88 128 118 131 119 108 105 105 122 124 130 119 105 108 105 106 109 113 114 109 110 110 116 128 120 116 111 109 115 123 122 120 117 123 124 117 126 130 136 131 120 137 135 122 112 114 139 155 155 156 153 152 157 152 145 144 140 139 142 141 141 140 134 130 131 122  84  86 178 187 174 171 171 176 173 169 177 178 177 173 165 
121 109  90  92  98 103 105 105 108 108  97  86  85  90  92  95  99 118 128 135 148 149 148 153 158 159 156 148 149 145 132 130 127 126 120 113 119 115 125 130 116 117 129 106 103 107  97 119 123 108  95  95  93  94  98 107 110 111 118 121 118 124 133 132 131 124 126 117 100 105 119 121 112 120 122 124 129 135 142 137 125 127 131 126 112 110 126 146 156 153 154 151 148 145 145 140 139 141 141 141 140 138 137 137 127 108  73 112 186 183 173 172 176 177 173 171 176 176 176 172 
104  93  93  97  94  96  97 101 106 111  99  86  88  96 111 119 112 125 136 153 149 149 155 161 163 154 156 142 139 139 143 143 127 131 133 133 121 129 123 127 134 122 114 110 107 105 103 101 108 113 106 102  95  97  97  99  97  98  90  91  97 118 135 135 137 133 136 132 121 118 112 110 114 129 133 129 122 123 131 139 135 122 121 129 124 119 108 109 132 157 152 144 147 146 143 146 143 144 145 142 144 144 142 133 128 124  96  87 133 188 180 176 171 174 178 172 172 179 176 176 
 97  97  94  91  90  90  92 102 112 109  87  90  96 101 109 114 125 134 135 143 156 156 151 135 126 150 150 139 135 131 141 148 142 147 143 134 119 115 118 129 130 122 125 119 116 111  99 103 104 106 106 113 107 103 104 104  96  91  76  65  88 115 133 135 129 126 138 136 133 124 114 112 122 131 136 125 122 122 122 120 135 144 132 124 121 126 127 120 111 122 141 147 144 144 144 146 148 147 146 144 149 149 139 137 126 127 112  93  97 148 190 175 172 171 174 175 170 173 180 177 
 98  95  94  88  94 102 106 108 116 106  93 101 108 112 113 119 138 148 152 162 146 129 118 109 106 146 151 146 149 144 140 137 152 139 135 125 111 120 122 123 129 124 123 125 117 124 115 107 110 114 115 115 118 120 110 109 106 112 102 111 146 140 120 130 141 132 133 139 141 145 140 126 128 133 135 126 117 111 112 114 123 139 143 134 124 128 129 129 131 117 114 139 147 146 148 148 148 148 149 153 150 144 143 130 121 133 122  89 105 101 167 187 176 172 173 176 172 172 176 178 
 97  91  89  89 105 113 109 111 117 104 102 114 128 136 131 135 155 146 140 154 147 134 129 136 140 150 152 160 173 156 140 140 145 147 142 120  99 118 115 124 127 132 130 136 131 132 125 119 131 133 131 131 131 136 132 122 126 138 129 140 147 116 111 127 144 137 131 140 145 142 146 120 130 122 110 128 121 113 112 111 109 121 128 121 109 105 126 133 129 120 107 112 138 149 146 149 149 151 155 149 145 143 111  91 123 130 130  92 101 101 109 179 184 176 172 173 177 174 169 173 
 99  89  91 100 108 110 115 118 110 106 112 126 136 154 133 135 131 140 149 132 138 146 154 150 146 147 154 151 150 133 130 141 140 148 155 135  87  87 108 125 135 122 136 146 143 140 116  99 133 120 112  94 101 122 106 106 113 115 114 112 114 103 122 121 126 132 131 133 132 130 146 128 128 124 123 124 117 116 118 123 112 107 119 113  78  59 105 131 130 117 110 108 114 137 152 152 155 153 148 150 140  99  87  93 116 129 133 111  85  84  73 122 188 179 175 172 175 176 173 170 
 97  93 102 110 118 130 125 111 120 116 120 130 137 125 133 143 126 134 140 155 124 134 160 171 171 157 135 128 128 134 146 145 116 133 146 130 100 102 121 128 121 120 116 136 159 151 107  78 102  93  90  97 104 104 111 117 100  99 102  92  96 106 111 125 129 122 123 131 127 128 136 132 141 136 137 127 117 111 120 135 136 121 115 114  95  88 119 127 124 129 114 101 110 117 139 161 154 149 154 138  89  85 101  93 107 130 130 126  99 114 128 102 139 192 178 173 172 175 177 173 
 97 106 113 125 122 114 114 121 129 139 147 155 138 130 132 148 147 124 125 126 131 156 145 147 146 159 173 170 174 181 156 144 147 137 117 127 127 135 129 141 121 129 118 113 136 115  85  94  70  79 111 125 109  71 113  97  74  69  77  68  70  73  82  91 108 120 125 124 124 119 122 123 116 125 126 123 132 118 113 127 129 118 112 114 119 120 123 127 121 123 128 110  99 111 117 135 158 156 111  93 102  95 101  98 109 130 130 132 133 134 139 107  78 161 189 175 171 172 175 175 
107 112 123 123 120 130 143 140 146 135 151 146 127 138 129 118 134 101  99 116 122 113 108 103 107 119 139 145 128 160 194 159 154 160 133 137 140 147 154 158 142 162 150 103 104  94  83 106  95  91 100  95  86  90  90  70  82  80  65  64  65  64  68  69  69  75  88  98  97  99  90  91  95 102 124 126 128 128 121 122 116 114 114 109 122 127 121 124 124 111 125 129  92  92 106 111 134 109  79  81 114 110  93 100 117 129 131 130 132 133 133  92  88 105 173 185 174 172 170 175 
113 111 114 136 128 130 132 108 108  96  77  70  62  76 100  87  88  96  93  96  92  98 114 100  97 106  99 128  97 113 184 178 169 170 150 158 168 160 156 168 160 164 121  97 110 105  96  90  90  66  54  65  59  66  71  72  86  84  65  66  62  64  61  63  72  73  65  86  87  75  80  81  79  79  79  84  96 115 126 126 115 108 111 117 120 129 119 118 119 107 112 129 127 110  94 105 115  92  88  81  92 123 112 112 123 126 129 130 133 135 132  89 106 106 116 182 182 178 174 171 
104 125 105 103 114  97  93  82  69  71  67  66  67  72  64  54  67  74  79  75  81  72  71  74  67  66  63  92 113  87 131 169 181 190 158 156 178 148 140 163 166 169 131  99 102 110 104  75  59  56  57  55  58  61  67  66  60  67  68  64  67  65  65  72  71  68  76  86  94  90  75  73  77  83  70  58  66  74  91 113 122 115 106  97 120 131 120 111 116 116 113 117 131 130 113  98 109 116  99  88  84 100 122 124 122 125 128 131 134 138 121  89 111 116  99 131 187 179 175 173 
 88  86  86  87  86  78  90  86  70  66  72  77  76  72  61  62  68  74  91  88  82  83  84  77  68  75  71  48  77 100 113 118 178 193 175 159 160 155 152 151 142 165 145 111 121 108  74  61  59  58  59  70  63  56  56  75 101  94  81  66  72  70  68  70  68  83  91  84  80  85  86  91  86  81  82  77  77  73  66  71  88 105 112 106 116 126 128 118 112 123 129 115 119 126 128 117 104 109 113  97  93  79 100 126 125 126 128 131 134 142 111  95 115 114 114  95 145 186 174 175 
 72  62  61  64  62  71  85  77  65  65  65  70  67  68  87  85  84  86  94  90  89  91  81  68  60  63  65  62  46  98 131 135 157 174 188 177 143 149 163 144 146 155 125 110 109  72  61  52  65  66  64  71  66  64  63  68 116 133 105  87  83  77  77  75  76  89  91  80  85  82  89 101 102  93  96  89  81  82  81  77  77  76  84 112 117 121 130 136 115 115 126 117 115 116 118 116 107 101 109 108  96  90  79 113 129 128 130 131 133 140 105  99 114 114 116 106  99 163 185 174 
 60  66  74  66  62  68  67  67  63  65  64  64  66  65  89  87  82  90  94  86  83  81  72  71  62  57  59  69  39  88 138  94  87  87 177 176 141 142 116 112 140 158 123 108  78  64  64  69  93  86  73  71  71  75  73  65  67 110 118 101  85  81  86 102  97  78  78  83  86  73  73  85  88 101 110  97  87  89  84  80  95  84  65  71  86 108 122 125 137 123 113 118 117 120 116 115 110 105 100 104 108  99  86  82 119 130 129 132 133 136  99 101 114 112 113 108 103 109 173 183 
 65  82  90  75  69  68  61  64  65  66  60  61  65  59  63  76  73  90  92  73  64  66  68  73  73  70  71  64  38  62 109  89 110  99 153 168 154 143 116 112 156 160 132 102  86  74  52  82 102  71  73  79  72  70  72  75  77  60  95 102  89  89  89  91  90  91  87  87  79  81  84  85  87  93 102  99  98 101  92  90  97  98  82  65  64  66  83  98 114 121 125 118 104 115 114 110 115 118 114 108 113 111  96  82  90 126 127 130 132 135  96  99 114 113 112 108 111  96 120 178 
 73  93  96  77  68  63  65  72  67  67  65  65  66  69  71  70  77  86  79  68  72  67  61  73  81  74  61  59  62  49  75 101 108 166 202 157 116 120 115 128 151 144 125  99  78  63  52  71  85  63  90  89  69  71  71  72  77  76  78  94  95  86  84  81  87  91  93  91  77  73  88  89  88  82  89  92  90  95  93  94  95  92  78  65  73  68  62  70 105 115 126 135 115 110 107 110 115 122 123 118 111 114 109  99  81  96 127 129 132 135  96 100 113 115 112 108 110 106  94 136 
 88  86  76  73  75  72  76  79  67  63  67  76  68  77  84  93  91  77  76  80  82  70  67  76  83  66  60  71  75  62  86  82  64 127 205 138 122 137 128 117 136 134 102  87  66  56  67  95  82  68 104 108  82  76  76  80  73  82  81  90  96  83  73  76  81  80  84  91  83  78  81  82  82  83  90  91  93  95  95  95 100 105 117 100  69  75  82  80  90 103 116 132 136 126 115 118 124 124 124 116 113 111 113 105  97  82 111 130 134 132  92  98 112 115 113 106 102 119 112  84 
 77  64  69  77  75  74  83  79  74  70  73  73  80  91  93 107  94  79  80  80  79  74  78  84  76  67  69  73  72  50  93 134  95 143 181 141 148 140 137 143 130 123 107  74  68  60  64  83  75  68  79 103  88  78  95 104  78  73  77  80  82  79  75  78  76  78  82  80  79  85  82  79  85  90  93  96 103 103  97 102 105 107 138 130 104 108 109 116 113  92  95  98 122 119 115 114 127 136 136 125 110 117 118 111 104  97  93 128 136 133  91 100 111 116 110  98 133 153 127  86 
 72  77  81  71  85  98  92  80  73  69  74  62  84  93  89 114 113  93  71  76  90 100  96  92  82  72  66  63  61  52  74 123 127 157 189 169 161 136 138 149 130 116 102  87  70  58  73  76  66  77  79  81  76  75  80  89  80  79  77  79  85  79  75  78  94  93  82  79  75  75  83  91  88  91  93  92  94 104 103 107 109  95 111 116 124 125 125 127 118 101  99  95  94 109 112 100  98 118 134 129 122 113 118 119 108  98  86 121 136 133  99 107 116 106 104 147 159 143 134 114 
 90  78  78  79  95  96  93  86  75  66  84  94 102  92 102 132 113  77  72  77  79  99 104 105 105  77  61  57  61  58  49 118 135 127 180 162 146 147 151 139 121 108  92  97  85  57  79  75  68  76  72  67  71  81  94 100  88  79  80  91  92  89  91  96 106  92  82  89  90  81  78  83  86  88  91  92  90  95 100 105 108  95  97 111 118 126 132 128 123 115 117 115 100 111 121 107  98  99 109 115 123 121 115 116 112 104  85 112 135 135 102 103 101 118 162 167 150 142 136 127 
 89  80  78  85  79  75  78  87  97  92 107 111 105  98 114 107  73  85  85  75  79  98  97 109 107  73  56  56  58  56  51  92 116 134 180 188 152 144 146 123 105 112 105  81  74  76  87  81  85  73  53  84  92  87  87  91  98 102 102  98  95 102 101 117 109 103 106  98  96  91  83  77  77  83  85  93  93  88  93 105 105 104 120 139 121 120 119 118 120 122 127 112  90  99 106 108 103 102  92 109 111 118 117 115 115 113  96 111 131 132 100  96 138 185 172 153 150 144 140 128 
 98  90  82  84  82  84  87  97 107 109 100  87 102  93 118 134  95  97  93  80  97 108  92  77  90  79  60  58  54  50  54  80 120 147 196 196 152 138 144 106  97 131  91  76  72  75  78  79  83  74  72 101  88  79  85 111 125 128 140 126 103 107 100 105 106 112 110 103 104 103 111 102  81  93  97 100  99  96  95 101 115 118 103 103 118 131 130 105 100 109 100  88  76  76  82 104 118 106  95 107 115 113 116 119 119 115 111 109 108 109 108 118 154 147 146 150 149 140 132 126 
 89  78  82  98 103 105 107 100  98  97  87  87  94  98 134 119  80  67  78  84  89  80  73  93 108  91  66  62  65  62  50  73 141 127 162 192 144 125 121 112 125 118  71  95  70  67  78  85  87  87  77  77  83  81  97 113 111  93 130 120 107 111  92 103 109 118 115  96 110 122 141 126 101  93 104 101  98 105 116 122 118 119 103  81 108 115 127 102  93 117 119  78  64  73  75  83 117 110 100 104 115 119 118 123 115 113 111 106  92  92  95  96  93 102 107 112 125 122 119 119 
 71  78  87 101 107 121 116  99  91  95  90  84  96  95  99  99  92 115 113  97  83  81 114 128  93  81  89  73  69  58  54  66 161 140 129 185 152 134 119 115 120 103  74  90  71  75  99 101 101  98  77  71  72  84  91  94 114 125 112 116 117 109  94  90  92 102 111 106 108 121 125 115 105  89 100 106 104 113 113 122 119 115 102  84  80  78  92  92  85  88 100  94  79  78  80  86  96 116 105 110 107 117 119 120 115 117 105 127 148 127 107  99  85  81  85  91  97  99 104 106 
 70  79  84  89  98 116  92  89  92 107  89  82  86  84  91  94 114 151 122 112 129 121 142 130 126 141 101  60  57  51  53  78 170 179 155 162 143 151 119  97 105  94  83  97  79  82  93 107 127 107  97  83  75  79  84  92  89 107 111 131 104  94  96  90  90  89  88 103  95  91 105  99  84  92 106 117 127 132 121 112 120 113  89  96  86  83  83  89  93  87  77  79  89  88  89  87  75 101 110 111 108 109 118 117 114 120 112 103 131 130 139 146 140 117  95  81  74  74  75  81 
 79  74  79  87  89  92  98  98  99 103  85  85  86  89  82  81 101 110 106 133 110 119 146 150 161 145  85  62  60  52  52  96 169 195 186 148 146 131 108 111 105  78  88  97  74  92  93  82 110  97  90  92  95  81  84  91  91  86  89  96  96  87  81  78  79  84 100  88  79  79  84  90  89  93  91  97 122 128 119 113 115 100  95 110 109 104  89  78  89  86  91 112 116  83  80  78  68  66 102 108 106 108 112 117 114 117 123 104 116 138 112 112 128 144 149 141 129 109  88  73 
